t,q_0,q_1,q_2,dq_0,dq_1,dq_2,tau_0,tau_1,tau_2,cmd_0,cmd_1,cmd_2,q_next_0,q_next_1,q_next_2,dq_next_0,dq_next_1,dq_next_2,signal_type,active_joint,amplitude,frequency,combo_index,segment_id,local_t,hold_s
1779528329.2054448,0.0,0.0,0.0,0.0,0.0,0.0,-0.1188,1.5048000000000001,-0.27720000000000006,0.0,0.0,0.2,0.0,0.0,0.0,0.0,0.0,0.0,square,2,0.2,0.25,27,54,0.0,0.0
1779528329.2154224,0.0,0.0,0.0,0.0,0.0,0.0,-0.0792,1.584,-0.35639999999999994,0.0,0.0,0.2,0.0,0.0,0.0,0.0020777729190408684,0.0,0.006233318757122605,square,2,0.2,0.25,27,54,0.010003328323364258,0.0
1779528329.2254152,0.0,0.0,0.0,0.0020777729190408684,0.0,0.006233318757122605,-0.3168,2.6928,3.8808,0.0,0.0,0.2,0.0,0.0,0.015707963267948967,0.0,0.0,1.4232744495429948,square,2,0.2,0.25,27,54,0.019980907440185547,0.0
1779528329.2354279,0.0,0.0,0.015707963267948967,0.0,0.0,1.4232744495429948,-0.0396,3.4848,1.5048000000000001,0.0,0.0,0.2,0.0,0.0,0.04188790204786391,0.0,0.0,2.3790499923017943,square,2,0.2,0.25,27,54,0.029973745346069336,0.0
1779528329.2454107,0.0,0.0,0.04188790204786391,0.0,0.0,2.3790499923017943,-0.0792,1.6632,-2.7324,0.0,0.0,0.2,0.0,0.0,0.06457718232379019,0.0,-0.0020777729190408684,2.2938613026211185,square,2,0.2,0.25,27,54,0.039986371994018555,0.0
1779528329.2554908,0.0,0.0,0.06457718232379019,0.0,-0.0020777729190408684,2.2938613026211185,0.0792,1.4652,0.0,0.0,0.0,0.2,0.0,0.0,0.08726646259971647,0.0,0.0,2.1567282899644216,square,2,0.2,0.25,27,54,0.04996919631958008,0.0
1779528329.2654145,0.0,0.0,0.08726646259971647,0.0,0.0,2.1567282899644216,0.0396,1.6236000000000002,0.0396,0.0,0.0,0.2,0.0,0.0,0.10471975511965977,0.0,0.0,1.8970066750843129,square,2,0.2,0.25,27,54,0.06004929542541504,0.0
1779528329.2754195,0.0,0.0,0.10471975511965977,0.0,0.0,1.8970066750843129,-0.0396,1.5048000000000001,-0.8712,0.0,0.0,0.2,0.0,0.0,0.10471975511965977,0.0,0.0,1.8970066750843129,square,2,0.2,0.25,27,54,0.06997299194335938,0.0
1779528329.2854228,0.0,0.0,0.10471975511965977,0.0,0.0,1.8970066750843129,-0.0396,1.5048000000000001,-0.8712,0.0,0.0,0.2,0.0,0.0,0.10471975511965977,0.0,0.0,1.8970066750843129,square,2,0.2,0.25,27,54,0.07997798919677734,0.0
1779528329.2954175,0.0,0.0,0.10471975511965977,0.0,0.0,1.8970066750843129,-0.0396,1.5048000000000001,-0.8712,0.0,0.0,0.2,0.0,0.0,0.10471975511965977,0.0,0.0,1.8970066750843129,square,2,0.2,0.25,27,54,0.0899813175201416,0.0
1779528329.3054209,0.0,0.0,0.10471975511965977,0.0,0.0,1.8970066750843129,-0.0396,1.5048000000000001,-0.8712,0.0,0.0,0.2,0.0,0.0,0.15533430342749532,0.0,0.0,1.0181087303300256,square,2,0.2,0.25,27,54,0.0999760627746582,0.0
1779528329.315415,0.0,0.0,0.15533430342749532,0.0,0.0,1.0181087303300256,-0.1584,1.5048000000000001,0.27720000000000006,0.0,0.0,0.2,0.0,0.0,0.16406094968746698,0.0,0.0,0.8560424426448378,square,2,0.2,0.25,27,54,0.10997939109802246,0.0
1779528329.3254166,0.0,0.0,0.16406094968746698,0.0,0.0,0.8560424426448378,-0.0792,1.5444,-0.198,0.0,0.0,0.2,0.0,0.0,0.16406094968746698,0.0,0.0,0.8560424426448378,square,2,0.2,0.25,27,54,0.11997342109680176,0.0
1779528329.3354099,0.0,0.0,0.16406094968746698,0.0,0.0,0.8560424426448378,-0.0792,1.5444,-0.198,0.0,0.0,0.2,0.0,0.0,0.1762782544514273,0.0,0.0,0.5880097360885658,square,2,0.2,0.25,27,54,0.1299750804901123,0.0
1779528329.3454158,0.0,0.0,0.1762782544514273,0.0,0.0,0.5880097360885658,-0.1188,1.5444,-0.0792,0.0,0.0,0.2,0.0,0.0,0.18151424220741028,0.0,0.0,0.47996554429844057,square,2,0.2,0.25,27,54,0.1399683952331543,0.0
1779528329.3554125,0.0,0.0,0.18151424220741028,0.0,0.0,0.47996554429844057,-0.1584,1.584,0.5940000000000001,0.0,0.0,0.2,0.0,0.0,0.18500490071139894,0.0,0.0,0.3885435358606424,square,2,0.2,0.25,27,54,0.14997434616088867,0.0
1779528329.3654153,0.0,0.0,0.18500490071139894,0.0,0.0,0.3885435358606424,-0.198,1.4255999999999998,0.4752,0.0,0.0,0.2,0.0,0.0,0.18849555921538758,0.0020777729190408684,0.0,0.3262103482894163,square,2,0.2,0.25,27,54,0.15997099876403809,0.0
1779528329.3754137,0.0,0.0,0.18849555921538758,0.0020777729190408684,0.0,0.3262103482894163,-0.1188,1.5048000000000001,-0.2376,0.0,0.0,0.2,0.0,0.0,0.19024088846738194,0.0,0.0,0.2493327502849042,square,2,0.2,0.25,27,54,0.16997385025024414,0.0
1779528329.38541,0.0,0.0,0.19024088846738194,0.0,0.0,0.2493327502849042,-0.1188,1.4255999999999998,0.5544000000000001,0.0,0.0,0.2,0.0,0.0,0.19198621771937624,0.0,0.0,0.20777729190408684,square,2,0.2,0.25,27,54,0.17997217178344727,0.0
1779528329.3954234,0.0,0.0,0.19198621771937624,0.0,0.0,0.20777729190408684,-0.198,1.5048000000000001,0.396,0.0,0.0,0.2,0.0,0.0,0.1937315469713706,0.0020777729190408684,0.0,0.17245515228039207,square,2,0.2,0.25,27,54,0.18996858596801758,0.0
1779528329.4054158,0.0,0.0,0.1937315469713706,0.0020777729190408684,0.0,0.17245515228039207,-0.198,1.6236000000000002,0.3168,0.0,0.0,0.2,0.0,0.0,0.1954768762233649,0.0,0.0020777729190408684,0.1371330126566973,square,2,0.2,0.25,27,54,0.1999819278717041,0.0
1779528329.4154088,0.0,0.0,0.1954768762233649,0.0,0.0020777729190408684,0.1371330126566973,-0.1584,1.5444,0.4752,0.0,0.0,0.2,0.0,0.0,0.1954768762233649,0.0,-0.0020777729190408684,0.10388864595204342,square,2,0.2,0.25,27,54,0.2099742889404297,0.0
1779528329.4254162,0.0,0.0,0.1954768762233649,0.0,-0.0020777729190408684,0.10388864595204342,-0.1188,1.4652,0.5148,0.0,0.0,0.2,0.0,0.0,0.19722220547535924,-0.0020777729190408684,-0.0020777729190408684,0.06856650632834865,square,2,0.2,0.25,27,54,0.21996736526489258,0.0
1779528329.435384,0.0,0.0,0.19722220547535924,-0.0020777729190408684,-0.0020777729190408684,0.06856650632834865,-0.0396,1.5444,1.0296,0.0,0.0,0.2,0.0,0.0,0.19722220547535924,0.0,0.0,0.06233318757122605,square,2,0.2,0.25,27,54,0.22997474670410156,0.0
1779528329.445409,0.0,0.0,0.19722220547535924,0.0,0.0,0.06233318757122605,-0.0792,1.5048000000000001,0.5940000000000001,0.0,0.0,0.2,0.0,0.0,0.19722220547535924,0.0,0.0,0.04571100421889911,square,2,0.2,0.25,27,54,0.2399425506591797,0.0
1779528329.4554179,0.0,0.0,0.19722220547535924,0.0,0.0,0.04571100421889911,-0.1188,1.4255999999999998,0.6336,0.0,0.0,0.2,0.0,0.0,0.1989675347273536,0.0,0.0,0.0394776854617765,square,2,0.2,0.25,27,54,0.2499675750732422,0.0
1779528329.4654481,0.0,0.0,0.1989675347273536,0.0,0.0,0.0394776854617765,-0.1584,1.5444,0.4752,0.0,0.0,0.2,0.0,0.0,0.1989675347273536,0.0020777729190408684,-0.0020777729190408684,0.02701104794753129,square,2,0.2,0.25,27,54,0.2599763870239258,0.0
1779528329.4754105,0.0,0.0,0.1989675347273536,0.0020777729190408684,-0.0020777729190408684,0.02701104794753129,-0.198,1.4652,0.5940000000000001,0.0,0.0,0.2,0.0,0.0,0.1989675347273536,0.0,0.0,0.029088820866572156,square,2,0.2,0.25,27,54,0.2700066566467285,0.0
1779528329.4853945,0.0,0.0,0.1989675347273536,0.0,0.0,0.029088820866572156,-0.2376,1.4652,0.0792,0.0,0.0,0.2,0.0,0.0,0.1989675347273536,0.0,0.0,0.02493327502849042,square,2,0.2,0.25,27,54,0.2799689769744873,0.0
1779528329.495427,0.0,0.0,0.1989675347273536,0.0,0.0,0.02493327502849042,-0.198,1.4255999999999998,-0.0792,0.0,0.0,0.2,0.0,0.0,0.1989675347273536,0.0,0.0020777729190408684,0.010388864595204342,square,2,0.2,0.25,27,54,0.28995299339294434,0.0
1779528329.5054116,0.0,0.0,0.1989675347273536,0.0,0.0020777729190408684,0.010388864595204342,-0.1188,1.4255999999999998,0.0,0.0,0.0,0.2,0.0,0.0,0.1989675347273536,-0.0020777729190408684,0.0,0.006233318757122605,square,2,0.2,0.25,27,54,0.299985408782959,0.0
1779528329.515419,0.0,0.0,0.1989675347273536,-0.0020777729190408684,0.0,0.006233318757122605,-0.1584,1.5048000000000001,0.1584,0.0,0.0,0.2,0.0,0.0,0.1989675347273536,-0.0020777729190408684,0.0,0.0020777729190408684,square,2,0.2,0.25,27,54,0.3099701404571533,0.0
1779528329.5254154,0.0,0.0,0.1989675347273536,-0.0020777729190408684,0.0,0.0020777729190408684,-0.1188,1.584,0.1584,0.0,0.0,0.2,0.0,0.0,0.1989675347273536,0.0,0.0,0.0020777729190408684,square,2,0.2,0.25,27,54,0.3199775218963623,0.0
1779528329.5354161,0.0,0.0,0.1989675347273536,0.0,0.0,0.0020777729190408684,-0.1584,1.5444,0.0792,0.0,0.0,0.2,0.0,0.0,0.1989675347273536,-0.0020777729190408684,0.0,0.0,square,2,0.2,0.25,27,54,0.3299739360809326,0.0
1779528329.5454173,0.0,0.0,0.1989675347273536,-0.0020777729190408684,0.0,0.0,-0.0396,1.4255999999999998,0.1188,0.0,0.0,0.2,0.0,0.0,0.1989675347273536,0.0,0.0,0.0,square,2,0.2,0.25,27,54,0.33997464179992676,0.0
1779528329.5554218,0.0,0.0,0.1989675347273536,0.0,0.0,0.0,-0.0792,1.3464,0.0792,0.0,0.0,0.2,0.0,0.0,0.1989675347273536,0.0,0.0,0.0,square,2,0.2,0.25,27,54,0.3499758243560791,0.0
1779528329.5654233,0.0,0.0,0.1989675347273536,0.0,0.0,0.0,-0.1584,1.5048000000000001,0.0792,0.0,0.0,0.2,0.0,0.0,0.1989675347273536,0.0020777729190408684,0.0,0.0,square,2,0.2,0.25,27,54,0.35998034477233887,0.0
1779528329.575414,0.0,0.0,0.1989675347273536,0.0020777729190408684,0.0,0.0,0.198,1.4652,0.1188,0.0,0.0,0.2,0.0,0.0,0.1989675347273536,0.0,0.0,0.0,square,2,0.2,0.25,27,54,0.3699817657470703,0.0
1779528329.5854104,0.0,0.0,0.1989675347273536,0.0,0.0,0.0,-0.1188,1.3860000000000001,0.0396,0.0,0.0,0.2,0.0,0.0,0.1989675347273536,0.0,0.0,0.0,square,2,0.2,0.25,27,54,0.3799724578857422,0.0
1779528329.5954864,0.0,0.0,0.1989675347273536,0.0,0.0,0.0,-0.1188,1.3860000000000001,0.0396,0.0,0.0,0.2,0.0,0.0,0.1989675347273536,0.0,0.0,0.0,square,2,0.2,0.25,27,54,0.3899688720703125,0.0
1779528329.6054316,0.0,0.0,0.1989675347273536,0.0,0.0,0.0,-0.1188,1.4255999999999998,0.0792,0.0,0.0,0.2,0.0,0.0,0.1989675347273536,0.0,-0.0020777729190408684,0.0,square,2,0.2,0.25,27,54,0.40004491806030273,0.0
1779528329.6153843,0.0,0.0,0.1989675347273536,0.0,-0.0020777729190408684,0.0,-0.1188,1.4652,0.0396,0.0,0.0,0.2,0.0,0.0,0.1989675347273536,0.0,0.0,0.0,square,2,0.2,0.25,27,54,0.4099900722503662,0.0
1779528329.6254215,0.0,0.0,0.1989675347273536,0.0,0.0,0.0,-0.0792,1.4652,0.0396,0.0,0.0,0.2,0.0,0.0,0.1989675347273536,0.0,0.0,0.0,square,2,0.2,0.25,27,54,0.41994285583496094,0.0
1779528329.6354284,0.0,0.0,0.1989675347273536,0.0,0.0,0.0,-0.0792,1.4652,0.0396,0.0,0.0,0.2,0.0,0.0,0.1989675347273536,-0.0020777729190408684,0.0,0.0,square,2,0.2,0.25,27,54,0.4299800395965576,0.0
1779528329.6454096,0.0,0.0,0.1989675347273536,-0.0020777729190408684,0.0,0.0,-0.0396,1.4255999999999998,0.0,0.0,0.0,0.2,0.0,0.0,0.1989675347273536,0.0,0.0,0.0,square,2,0.2,0.25,27,54,0.4399869441986084,0.0
1779528329.6554174,0.0,0.0,0.1989675347273536,0.0,0.0,0.0,-0.0792,1.5444,0.0,0.0,0.0,0.2,0.0,0.0,0.1989675347273536,0.0,0.0,0.0,square,2,0.2,0.25,27,54,0.4499680995941162,0.0
1779528329.6654127,0.0,0.0,0.1989675347273536,0.0,0.0,0.0,0.0396,1.5444,0.0,0.0,0.0,0.2,0.0,0.0,0.1989675347273536,0.0,0.0,0.0,square,2,0.2,0.25,27,54,0.4599759578704834,0.0
1779528329.6754107,0.0,0.0,0.1989675347273536,0.0,0.0,0.0,-0.1188,1.5444,0.0396,0.0,0.0,0.2,0.0,0.0,0.1989675347273536,0.0020777729190408684,0.0,0.0,square,2,0.2,0.25,27,54,0.4699711799621582,0.0
1779528329.6854138,0.0,0.0,0.1989675347273536,0.0020777729190408684,0.0,0.0,0.198,1.5444,0.0396,0.0,0.0,0.2,0.0,0.0,0.1989675347273536,0.0,0.0,0.0,square,2,0.2,0.25,27,54,0.4799692630767822,0.0
1779528329.6954367,0.0,0.0,0.1989675347273536,0.0,0.0,0.0,-0.1584,1.584,0.0792,0.0,0.0,0.2,0.0,0.0,0.1989675347273536,0.0,0.0,0.0,square,2,0.2,0.25,27,54,0.4899723529815674,0.0
1779528329.705421,0.0,0.0,0.1989675347273536,0.0,0.0,0.0,-0.1584,1.4255999999999998,0.0792,0.0,0.0,0.2,0.0,0.0,0.1989675347273536,0.0,0.0,0.0,square,2,0.2,0.25,27,54,0.49999523162841797,0.0
1779528329.7154167,0.0,0.0,0.1989675347273536,0.0,0.0,0.0,-0.1188,1.4255999999999998,0.0396,0.0,0.0,0.2,0.0,0.0,0.1989675347273536,0.0,0.0,0.0,square,2,0.2,0.25,27,54,0.5099794864654541,0.0
1779528329.7254555,0.0,0.0,0.1989675347273536,0.0,0.0,0.0,-0.1188,1.5048000000000001,0.0792,0.0,0.0,0.2,0.0,0.0,0.1989675347273536,-0.0020777729190408684,0.0,0.0,square,2,0.2,0.25,27,54,0.5199751853942871,0.0
1779528329.735412,0.0,0.0,0.1989675347273536,-0.0020777729190408684,0.0,0.0,-0.0396,1.4652,0.1584,0.0,0.0,0.2,0.0,0.0,0.1989675347273536,0.0,-0.0020777729190408684,0.0,square,2,0.2,0.25,27,54,0.5300140380859375,0.0
1779528329.745413,0.0,0.0,0.1989675347273536,0.0,-0.0020777729190408684,0.0,-0.1188,1.4652,0.1584,0.0,0.0,0.2,0.0,0.0,0.1989675347273536,0.0,0.0,0.0,square,2,0.2,0.25,27,54,0.5399703979492188,0.0
1779528329.755416,0.0,0.0,0.1989675347273536,0.0,0.0,0.0,-0.0792,1.6236000000000002,0.1188,0.0,0.0,0.2,0.0,0.0,0.1989675347273536,0.0,0.0,0.0,square,2,0.2,0.25,27,54,0.5499715805053711,0.0
1779528329.765425,0.0,0.0,0.1989675347273536,0.0,0.0,0.0,-0.1584,1.5444,0.0792,0.0,0.0,0.2,0.0,0.0,0.1989675347273536,0.0,0.0,0.0,square,2,0.2,0.25,27,54,0.5599744319915771,0.0
1779528329.7754316,0.0,0.0,0.1989675347273536,0.0,0.0,0.0,-0.1188,1.3860000000000001,-0.198,0.0,0.0,0.2,0.0,0.0,0.1989675347273536,0.0,0.0,0.0,square,2,0.2,0.25,27,54,0.5699834823608398,0.0
1779528329.785414,0.0,0.0,0.1989675347273536,0.0,0.0,0.0,-0.1188,1.5048000000000001,0.0396,0.0,0.0,0.2,0.0,0.0,0.1989675347273536,0.0,0.0,0.0,square,2,0.2,0.25,27,54,0.5799901485443115,0.0
1779528329.7954288,0.0,0.0,0.1989675347273536,0.0,0.0,0.0,-0.1584,1.5048000000000001,0.1584,0.0,0.0,0.2,0.0,0.0,0.1989675347273536,0.0,0.0,-0.0020777729190408684,square,2,0.2,0.25,27,54,0.5899724960327148,0.0
1779528329.805417,0.0,0.0,0.1989675347273536,0.0,0.0,-0.0020777729190408684,-0.1188,1.4652,0.0792,0.0,0.0,0.2,0.0,0.0,0.1989675347273536,0.0,0.0,0.0,square,2,0.2,0.25,27,54,0.599987268447876,0.0
1779528329.8154109,0.0,0.0,0.1989675347273536,0.0,0.0,0.0,-0.1584,1.4255999999999998,0.1188,0.0,0.0,0.2,0.0,0.0,0.1989675347273536,0.0,0.0020777729190408684,0.0,square,2,0.2,0.25,27,54,0.6099755764007568,0.0
1779528329.8254166,0.0,0.0,0.1989675347273536,0.0,0.0020777729190408684,0.0,-0.0792,1.5048000000000001,0.1584,0.0,0.0,0.2,0.0,0.0,0.1989675347273536,0.0,0.0,0.0,square,2,0.2,0.25,27,54,0.619969367980957,0.0
1779528329.8354099,0.0,0.0,0.1989675347273536,0.0,0.0,0.0,-0.1188,1.5444,0.1584,0.0,0.0,0.2,0.0,0.0,0.1989675347273536,0.0,0.0,0.0,square,2,0.2,0.25,27,54,0.6299750804901123,0.0
1779528329.845384,0.0,0.0,0.1989675347273536,0.0,0.0,0.0,-0.0792,1.5048000000000001,0.1188,0.0,0.0,0.2,0.0,0.0,0.1989675347273536,-0.0020777729190408684,0.0,0.0,square,2,0.2,0.25,27,54,0.6399683952331543,0.0
1779528329.855422,0.0,0.0,0.1989675347273536,-0.0020777729190408684,0.0,0.0,-0.1188,1.4255999999999998,0.198,0.0,0.0,0.2,0.0,0.0,0.1989675347273536,0.0,0.0,-0.0020777729190408684,square,2,0.2,0.25,27,54,0.6499423980712891,0.0
1779528329.865425,0.0,0.0,0.1989675347273536,0.0,0.0,-0.0020777729190408684,-0.1188,1.3860000000000001,-0.27720000000000006,0.0,0.0,0.2,0.0,0.0,0.1989675347273536,0.0,0.0,0.0,square,2,0.2,0.25,27,54,0.6599805355072021,0.0
1779528329.8754447,0.0,0.0,0.1989675347273536,0.0,0.0,0.0,-0.1584,1.4652,-0.198,0.0,0.0,0.2,0.0,0.0,0.1989675347273536,0.0,0.0,0.0,square,2,0.2,0.25,27,54,0.6699836254119873,0.0
1779528329.8854167,0.0,0.0,0.1989675347273536,0.0,0.0,0.0,-0.1188,1.4652,0.1584,0.0,0.0,0.2,0.0,0.0,0.1989675347273536,0.0,0.0,0.0,square,2,0.2,0.25,27,54,0.6800031661987305,0.0
1779528329.8954494,0.0,0.0,0.1989675347273536,0.0,0.0,0.0,-0.1188,1.5048000000000001,0.2376,0.0,0.0,0.2,0.0,0.0,0.1989675347273536,0.0,0.0020777729190408684,0.0,square,2,0.2,0.25,27,54,0.6899752616882324,0.0
1779528329.9054153,0.0,0.0,0.1989675347273536,0.0,0.0020777729190408684,0.0,-0.1584,1.5048000000000001,-0.198,0.0,0.0,0.2,0.0,0.0,0.1989675347273536,0.0,0.0,0.0,square,2,0.2,0.25,27,54,0.7000079154968262,0.0
1779528329.915414,0.0,0.0,0.1989675347273536,0.0,0.0,0.0,-0.0792,1.4255999999999998,0.1584,0.0,0.0,0.2,0.0,0.0,0.1989675347273536,0.0,0.0,0.0,square,2,0.2,0.25,27,54,0.7099738121032715,0.0
1779528329.925416,0.0,0.0,0.1989675347273536,0.0,0.0,0.0,-0.1584,1.5048000000000001,-0.2376,0.0,0.0,0.2,0.0,0.0,0.1989675347273536,0.0,0.0020777729190408684,0.0,square,2,0.2,0.25,27,54,0.7199726104736328,0.0
1779528329.9354827,0.0,0.0,0.1989675347273536,0.0,0.0020777729190408684,0.0,-0.1188,1.4255999999999998,-0.27720000000000006,0.0,0.0,0.2,0.0,0.0,0.1989675347273536,0.0,0.0,0.0,square,2,0.2,0.25,27,54,0.7299745082855225,0.0
1779528329.9454122,0.0,0.0,0.1989675347273536,0.0,0.0,0.0,-0.1584,1.5444,-0.198,0.0,0.0,0.2,0.0,0.0,0.1989675347273536,0.0,0.0,0.0,square,2,0.2,0.25,27,54,0.7400412559509277,0.0
1779528329.9554174,0.0,0.0,0.1989675347273536,0.0,0.0,0.0,-0.1188,1.5048000000000001,-0.198,0.0,0.0,0.2,0.0,0.0,0.1989675347273536,0.0,0.0,0.0,square,2,0.2,0.25,27,54,0.7499706745147705,0.0
1779528329.9654157,0.0,0.0,0.1989675347273536,0.0,0.0,0.0,-0.1188,1.3860000000000001,0.27720000000000006,0.0,0.0,0.2,0.0,0.0,0.1989675347273536,0.0,0.0,0.0,square,2,0.2,0.25,27,54,0.7599759101867676,0.0
1779528329.9754245,0.0,0.0,0.1989675347273536,0.0,0.0,0.0,-0.1584,1.4255999999999998,0.1188,0.0,0.0,0.2,0.0,0.0,0.1989675347273536,0.0,0.0,0.0,square,2,0.2,0.25,27,54,0.7699742317199707,0.0
1779528329.9854114,0.0,0.0,0.1989675347273536,0.0,0.0,0.0,-0.1188,1.5444,-0.1584,0.0,0.0,0.2,0.0,0.0,0.1989675347273536,0.0020777729190408684,0.0,0.0,square,2,0.2,0.25,27,54,0.7799830436706543,0.0
1779528329.9954154,0.0,0.0,0.1989675347273536,0.0020777729190408684,0.0,0.0,0.198,1.5444,-0.2376,0.0,0.0,0.2,0.0,0.0,0.1989675347273536,0.0,0.0,0.0,square,2,0.2,0.25,27,54,0.7899699211120605,0.0
1779528330.0054562,0.0,0.0,0.1989675347273536,0.0,0.0,0.0,-0.1188,1.4255999999999998,-0.27720000000000006,0.0,0.0,0.2,0.0,0.0,0.1989675347273536,0.0,0.0,0.0,square,2,0.2,0.25,27,54,0.7999739646911621,0.0
1779528330.015411,0.0,0.0,0.1989675347273536,0.0,0.0,0.0,-0.0792,1.4652,-0.198,0.0,0.0,0.2,0.0,0.0,0.1989675347273536,0.0,0.0,0.0,square,2,0.2,0.25,27,54,0.8100147247314453,0.0
1779528330.0254135,0.0,0.0,0.1989675347273536,0.0,0.0,0.0,-0.1188,1.5444,-0.27720000000000006,0.0,0.0,0.2,0.0,0.0,0.1989675347273536,-0.0020777729190408684,0.0,-0.0020777729190408684,square,2,0.2,0.25,27,54,0.8199694156646729,0.0
1779528330.0354111,0.0,0.0,0.1989675347273536,-0.0020777729190408684,0.0,-0.0020777729190408684,-0.0792,1.4652,-0.1584,0.0,0.0,0.2,0.0,0.0,0.1989675347273536,0.0,0.0,0.0,square,2,0.2,0.25,27,54,0.8299720287322998,0.0
1779528330.0454106,0.0,0.0,0.1989675347273536,0.0,0.0,0.0,-0.1188,1.4652,-0.198,0.0,0.0,0.2,0.0,0.0,0.1989675347273536,0.0,0.0,0.0,square,2,0.2,0.25,27,54,0.8399696350097656,0.0
1779528330.0554106,0.0,0.0,0.1989675347273536,0.0,0.0,0.0,0.1584,1.3860000000000001,-0.1188,0.0,0.0,0.2,0.0,0.0,0.1989675347273536,0.0020777729190408684,0.0,0.0,square,2,0.2,0.25,27,54,0.8499691486358643,0.0
1779528330.0654268,0.0,0.0,0.1989675347273536,0.0020777729190408684,0.0,0.0,-0.1584,1.4255999999999998,-0.2376,0.0,0.0,0.2,0.0,0.0,0.1989675347273536,0.0020777729190408684,0.0,0.0,square,2,0.2,0.25,27,54,0.8599691390991211,0.0
1779528330.075414,0.0,0.0,0.1989675347273536,0.0020777729190408684,0.0,0.0,-0.198,1.4652,-0.3168,0.0,0.0,0.2,0.0,0.0,0.1989675347273536,0.0,0.0,0.0,square,2,0.2,0.25,27,54,0.8699853420257568,0.0
1779528330.085384,0.0,0.0,0.1989675347273536,0.0,0.0,0.0,-0.1188,1.4255999999999998,-0.198,0.0,0.0,0.2,0.0,0.0,0.1989675347273536,-0.0020777729190408684,0.0020777729190408684,0.0,square,2,0.2,0.25,27,54,0.8799724578857422,0.0
1779528330.095489,0.0,0.0,0.1989675347273536,-0.0020777729190408684,0.0020777729190408684,0.0,-0.1584,1.3464,-0.27720000000000006,0.0,0.0,0.2,0.0,0.0,0.1989675347273536,0.0,0.0,0.0,square,2,0.2,0.25,27,54,0.8899424076080322,0.0
1779528330.1054385,0.0,0.0,0.1989675347273536,0.0,0.0,0.0,-0.198,1.4652,-0.198,0.0,0.0,0.2,0.0,0.0,0.1989675347273536,-0.0020777729190408684,0.0,0.0,square,2,0.2,0.25,27,54,0.9000475406646729,0.0
1779528330.1154118,0.0,0.0,0.1989675347273536,-0.0020777729190408684,0.0,0.0,-0.0792,1.4652,-0.2376,0.0,0.0,0.2,0.0,0.0,0.1989675347273536,0.0,0.0,0.0,square,2,0.2,0.25,27,54,0.9099969863891602,0.0
1779528330.1254117,0.0,0.0,0.1989675347273536,0.0,0.0,0.0,-0.1188,1.4255999999999998,-0.198,0.0,0.0,0.2,0.0,0.0,0.1989675347273536,0.0,0.0,0.0,square,2,0.2,0.25,27,54,0.9199702739715576,0.0
1779528330.1354156,0.0,0.0,0.1989675347273536,0.0,0.0,0.0,-0.1584,1.5048000000000001,-0.27720000000000006,0.0,0.0,0.2,0.0,0.0,0.1989675347273536,0.0,0.0,0.0,square,2,0.2,0.25,27,54,0.9299702644348145,0.0
1779528330.1454198,0.0,0.0,0.1989675347273536,0.0,0.0,0.0,-0.1188,1.5048000000000001,-0.27720000000000006,0.0,0.0,0.2,0.0,0.0,0.1989675347273536,0.0,0.0,0.0,square,2,0.2,0.25,27,54,0.9399740695953369,0.0
1779528330.155414,0.0,0.0,0.1989675347273536,0.0,0.0,0.0,-0.1584,1.5048000000000001,-0.27720000000000006,0.0,0.0,0.2,0.0,0.0,0.1989675347273536,0.0020777729190408684,0.0,0.0,square,2,0.2,0.25,27,54,0.9499783515930176,0.0
1779528330.1654143,0.0,0.0,0.1989675347273536,0.0020777729190408684,0.0,0.0,-0.198,1.5444,-0.198,0.0,0.0,0.2,0.0,0.0,0.1989675347273536,0.0,0.0,0.0,square,2,0.2,0.25,27,54,0.959972620010376,0.0
1779528330.1754136,0.0,0.0,0.1989675347273536,0.0,0.0,0.0,-0.1188,1.5048000000000001,-0.0792,0.0,0.0,0.2,0.0,0.0,0.1989675347273536,0.0,0.0,0.0,square,2,0.2,0.25,27,54,0.9699728488922119,0.0
1779528330.1854105,0.0,0.0,0.1989675347273536,0.0,0.0,0.0,-0.1188,1.4255999999999998,-0.3168,0.0,0.0,0.2,0.0,0.0,0.1989675347273536,0.0,0.0020777729190408684,0.0,square,2,0.2,0.25,27,54,0.9799721240997314,0.0
1779528330.195412,0.0,0.0,0.1989675347273536,0.0,0.0020777729190408684,0.0,-0.198,1.4255999999999998,-0.198,0.0,0.0,0.2,0.0,0.0,0.1989675347273536,0.0020777729190408684,0.0020777729190408684,0.0,square,2,0.2,0.25,27,54,0.98996901512146,0.0
1779528330.2054145,0.0,0.0,0.1989675347273536,0.0020777729190408684,0.0020777729190408684,0.0,-0.1188,1.4652,-0.2376,0.0,0.0,0.2,0.0,0.0,0.1989675347273536,0.0,0.0,0.0,square,2,0.2,0.25,27,54,0.9999704360961914,0.0
1779528330.215411,0.0,0.0,0.1989675347273536,0.0,0.0,0.0,-0.1584,1.3860000000000001,-0.198,0.0,0.0,0.2,0.0,0.0,0.1989675347273536,0.0,0.0,0.0,square,2,0.2,0.25,27,54,1.0099730491638184,0.0
1779528330.2254224,0.0,0.0,0.1989675347273536,0.0,0.0,0.0,-0.1188,1.3860000000000001,-0.2376,0.0,0.0,0.2,0.0,0.0,0.1989675347273536,0.0,0.0,0.0020777729190408684,square,2,0.2,0.25,27,54,1.0199694633483887,0.0
1779528330.2354133,0.0,0.0,0.1989675347273536,0.0,0.0,0.0020777729190408684,-0.1188,1.5048000000000001,-0.27720000000000006,0.0,0.0,0.2,0.0,0.0,0.1989675347273536,0.0,0.0,0.0,square,2,0.2,0.25,27,54,1.0299808979034424,0.0
1779528330.2454135,0.0,0.0,0.1989675347273536,0.0,0.0,0.0,-0.1188,1.3860000000000001,-0.198,0.0,0.0,0.2,0.0,0.0,0.1989675347273536,0.0,0.0,0.0,square,2,0.2,0.25,27,54,1.0399718284606934,0.0
1779528330.2554135,0.0,0.0,0.1989675347273536,0.0,0.0,0.0,-0.1584,1.3860000000000001,-0.198,0.0,0.0,0.2,0.0,0.0,0.1989675347273536,0.0,0.0,0.0,square,2,0.2,0.25,27,54,1.0499720573425293,0.0
1779528330.2654269,0.0,0.0,0.1989675347273536,0.0,0.0,0.0,-0.1584,1.4255999999999998,-0.1584,0.0,0.0,0.2,0.0,0.0,0.1989675347273536,0.0,0.0,0.0,square,2,0.2,0.25,27,54,1.0599720478057861,0.0
1779528330.2754107,0.0,0.0,0.1989675347273536,0.0,0.0,0.0,-0.1584,1.3464,-0.35639999999999994,0.0,0.0,0.2,0.0,0.0,0.1989675347273536,0.0,0.0,0.0,square,2,0.2,0.25,27,54,1.0699853897094727,0.0
1779528330.2854147,0.0,0.0,0.1989675347273536,0.0,0.0,0.0,-0.1188,1.3860000000000001,-0.2376,0.0,0.0,0.2,0.0,0.0,0.1989675347273536,0.0,0.0,0.0,square,2,0.2,0.25,27,54,1.0799691677093506,0.0
1779528330.2954247,0.0,0.0,0.1989675347273536,0.0,0.0,0.0,-0.1584,1.3860000000000001,-0.0792,0.0,0.0,0.2,0.0,0.0,0.1989675347273536,0.0,0.0,0.0,square,2,0.2,0.25,27,54,1.0899732112884521,0.0
1779528330.305416,0.0,0.0,0.1989675347273536,0.0,0.0,0.0,-0.1188,1.4652,-0.2376,0.0,0.0,0.2,0.0,0.0,0.1989675347273536,0.0,0.0,0.0,square,2,0.2,0.25,27,54,1.0999832153320312,0.0
1779528330.315414,0.0,0.0,0.1989675347273536,0.0,0.0,0.0,-0.1188,1.5444,-0.198,0.0,0.0,0.2,0.0,0.0,0.1989675347273536,0.0,0.0,0.0,square,2,0.2,0.25,27,54,1.1099746227264404,0.0
1779528330.325429,0.0,0.0,0.1989675347273536,0.0,0.0,0.0,0.1188,1.3464,-0.27720000000000006,0.0,0.0,0.2,0.0,0.0,0.1989675347273536,0.0,0.0020777729190408684,0.0,square,2,0.2,0.25,27,54,1.1199724674224854,0.0
1779528330.3355336,0.0,0.0,0.1989675347273536,0.0,0.0020777729190408684,0.0,-0.1188,1.2672,-0.396,0.0,0.0,0.2,0.0,0.0,0.1989675347273536,0.0,0.0,0.0,square,2,0.2,0.25,27,54,1.1299874782562256,0.0
1779528330.3454108,0.0,0.0,0.1989675347273536,0.0,0.0,0.0,-0.1188,1.4255999999999998,-0.2376,0.0,0.0,0.2,0.0,0.0,0.1989675347273536,0.0,0.0,0.0,square,2,0.2,0.25,27,54,1.140092134475708,0.0
1779528330.3554106,0.0,0.0,0.1989675347273536,0.0,0.0,0.0,-0.1584,1.4255999999999998,-0.396,0.0,0.0,0.2,0.0,0.0,0.1989675347273536,0.0,0.0,0.0,square,2,0.2,0.25,27,54,1.1499693393707275,0.0
1779528330.3654113,0.0,0.0,0.1989675347273536,0.0,0.0,0.0,-0.1584,1.3464,-0.2376,0.0,0.0,0.2,0.0,0.0,0.1989675347273536,0.0,-0.0020777729190408684,0.0020777729190408684,square,2,0.2,0.25,27,54,1.1599690914154053,0.0
1779528330.375555,0.0,0.0,0.1989675347273536,0.0,-0.0020777729190408684,0.0020777729190408684,-0.1584,1.5444,-0.2376,0.0,0.0,0.2,0.0,0.0,0.1989675347273536,0.0,0.0,0.0,square,2,0.2,0.25,27,54,1.1699697971343994,0.0
1779528330.38541,0.0,0.0,0.1989675347273536,0.0,0.0,0.0,-0.1188,1.4255999999999998,-0.27720000000000006,0.0,0.0,0.2,0.0,0.0,0.1989675347273536,0.0,0.0,0.0,square,2,0.2,0.25,27,54,1.1801135540008545,0.0
1779528330.395415,0.0,0.0,0.1989675347273536,0.0,0.0,0.0,-0.1584,1.5444,-0.396,0.0,0.0,0.2,0.0,0.0,0.1989675347273536,0.0,0.0,0.0,square,2,0.2,0.25,27,54,1.1899685859680176,0.0
1779528330.405411,0.0,0.0,0.1989675347273536,0.0,0.0,0.0,-0.1188,1.3464,-0.27720000000000006,0.0,0.0,0.2,0.0,0.0,0.1989675347273536,0.0020777729190408684,0.0,0.0,square,2,0.2,0.25,27,54,1.1999735832214355,0.0
1779528330.4155207,0.0,0.0,0.1989675347273536,0.0020777729190408684,0.0,0.0,-0.1188,1.4652,-0.198,0.0,0.0,0.2,0.0,0.0,0.1989675347273536,0.0,0.0,0.0,square,2,0.2,0.25,27,54,1.2099695205688477,0.0
1779528330.4254107,0.0,0.0,0.1989675347273536,0.0,0.0,0.0,-0.0792,1.3464,-0.35639999999999994,0.0,0.0,0.2,0.0,0.0,0.1989675347273536,-0.0020777729190408684,0.0,0.0,square,2,0.2,0.25,27,54,1.2200791835784912,0.0
1779528330.4355326,0.0,0.0,0.1989675347273536,-0.0020777729190408684,0.0,0.0,-0.1188,1.4652,-0.3168,0.0,0.0,0.2,0.0,0.0,0.1989675347273536,0.0,0.0,0.0,square,2,0.2,0.25,27,54,1.2299692630767822,0.0
1779528330.44541,0.0,0.0,0.1989675347273536,0.0,0.0,0.0,-0.1584,1.3068,-0.27720000000000006,0.0,0.0,0.2,0.0,0.0,0.1989675347273536,0.0,0.0020777729190408684,0.0,square,2,0.2,0.25,27,54,1.24009108543396,0.0
1779528330.45541,0.0,0.0,0.1989675347273536,0.0,0.0020777729190408684,0.0,-0.1188,1.4255999999999998,-0.2376,0.0,0.0,0.2,0.0,0.0,0.1989675347273536,0.0,-0.0020777729190408684,0.0020777729190408684,square,2,0.2,0.25,27,54,1.2499685287475586,0.0
1779528330.465422,0.0,0.0,0.1989675347273536,0.0,-0.0020777729190408684,0.0020777729190408684,-0.1188,1.4255999999999998,-0.2376,0.0,0.0,0.2,0.0,0.0,0.1989675347273536,0.0020777729190408684,0.0,0.0,square,2,0.2,0.25,27,54,1.2599685192108154,0.0
1779528330.475523,0.0,0.0,0.1989675347273536,0.0020777729190408684,0.0,0.0,-0.1188,1.4255999999999998,-0.3168,0.0,0.0,0.2,0.0,0.0,0.1989675347273536,0.0,0.0,0.0,square,2,0.2,0.25,27,54,1.2699804306030273,0.0
1779528330.4854136,0.0,0.0,0.1989675347273536,0.0,0.0,0.0,-0.1188,1.4652,-0.27720000000000006,0.0,0.0,0.2,0.0,0.0,0.1989675347273536,0.0,0.0,0.0,square,2,0.2,0.25,27,54,1.2800815105438232,0.0
1779528330.4955916,0.0,0.0,0.1989675347273536,0.0,0.0,0.0,-0.0792,1.3860000000000001,-0.27720000000000006,0.0,0.0,0.2,0.0,0.0,0.1989675347273536,0.0,0.0020777729190408684,0.0,square,2,0.2,0.25,27,54,1.2899720668792725,0.0
1779528330.5054204,0.0,0.0,0.1989675347273536,0.0,0.0020777729190408684,0.0,-0.0792,1.4652,-0.3168,0.0,0.0,0.2,0.0,0.0,0.1989675347273536,0.0,0.0,0.0,square,2,0.2,0.25,27,54,1.3001501560211182,0.0
1779528330.5156302,0.0,0.0,0.1989675347273536,0.0,0.0,0.0,-0.1188,1.4652,-0.27720000000000006,0.0,0.0,0.2,0.0,0.0,0.1989675347273536,0.0,0.0,0.0,square,2,0.2,0.25,27,54,1.30997896194458,0.0
1779528330.5253835,0.0,0.0,0.1989675347273536,0.0,0.0,0.0,-0.0792,1.5048000000000001,-0.27720000000000006,0.0,0.0,0.2,0.0,0.0,0.1989675347273536,-0.0020777729190408684,0.0,0.0,square,2,0.2,0.25,27,54,1.3201887607574463,0.0
1779528330.5355506,0.0,0.0,0.1989675347273536,-0.0020777729190408684,0.0,0.0,-0.0792,1.4255999999999998,-0.2376,0.0,0.0,0.2,0.0,0.0,0.1989675347273536,0.0,0.0,0.0,square,2,0.2,0.25,27,54,1.329941987991333,0.0
1779528330.5454314,0.0,0.0,0.1989675347273536,0.0,0.0,0.0,-0.1188,1.4652,-0.2376,0.0,0.0,0.2,0.0,0.0,0.1989675347273536,-0.0020777729190408684,0.0,0.0,square,2,0.2,0.25,27,54,1.34010910987854,0.0
1779528330.5554147,0.0,0.0,0.1989675347273536,-0.0020777729190408684,0.0,0.0,-0.0792,1.3860000000000001,-0.396,0.0,0.0,0.2,0.0,0.0,0.1989675347273536,0.0,0.0,0.0,square,2,0.2,0.25,27,54,1.349989891052246,0.0
1779528330.5654113,0.0,0.0,0.1989675347273536,0.0,0.0,0.0,-0.0396,1.3464,-0.35639999999999994,0.0,0.0,0.2,0.0,0.0,0.1989675347273536,0.0,0.0,0.0,square,2,0.2,0.25,27,54,1.3599731922149658,0.0
1779528330.575523,0.0,0.0,0.1989675347273536,0.0,0.0,0.0,-0.1188,1.3860000000000001,-0.3168,0.0,0.0,0.2,0.0,0.0,0.1989675347273536,0.0,0.0,0.0,square,2,0.2,0.25,27,54,1.3699698448181152,0.0
1779528330.5855298,0.0,0.0,0.1989675347273536,0.0,0.0,0.0,-0.1188,1.3860000000000001,-0.4356,0.0,0.0,0.2,0.0,0.0,0.1989675347273536,0.0,0.0020777729190408684,0.0,square,2,0.2,0.25,27,54,1.3800814151763916,0.0
1779528330.5954375,0.0,0.0,0.1989675347273536,0.0,0.0020777729190408684,0.0,-0.0792,1.4255999999999998,-0.3168,0.0,0.0,0.2,0.0,0.0,0.1989675347273536,0.0,0.0,0.0,square,2,0.2,0.25,27,54,1.3900883197784424,0.0
1779528330.6054356,0.0,0.0,0.1989675347273536,0.0,0.0,0.0,-0.1188,1.4255999999999998,-0.2376,0.0,0.0,0.2,0.0,0.0,0.1989675347273536,0.0,0.0020777729190408684,0.0,square,2,0.2,0.25,27,54,1.399996042251587,0.0
1779528330.6154213,0.0,0.0,0.1989675347273536,0.0,0.0020777729190408684,0.0,-0.1584,1.5444,-0.396,0.0,0.0,0.2,0.0,0.0,0.1989675347273536,0.0,0.0,0.0,square,2,0.2,0.25,27,54,1.409994125366211,0.0
1779528330.6255927,0.0,0.0,0.1989675347273536,0.0,0.0,0.0,-0.1584,1.5444,-0.396,0.0,0.0,0.2,0.0,0.0,0.1989675347273536,0.0,0.0,0.0,square,2,0.2,0.25,27,54,1.4199798107147217,0.0
1779528330.6354167,0.0,0.0,0.1989675347273536,0.0,0.0,0.0,-0.1188,1.4652,-0.396,0.0,0.0,0.2,0.0,0.0,0.1989675347273536,0.0,0.0,0.0,square,2,0.2,0.25,27,54,1.4301512241363525,0.0
1779528330.6454132,0.0,0.0,0.1989675347273536,0.0,0.0,0.0,-0.1188,1.3464,-0.198,0.0,0.0,0.2,0.0,0.0,0.1989675347273536,0.0,0.0,0.0,square,2,0.2,0.25,27,54,1.4399752616882324,0.0
1779528330.6554112,0.0,0.0,0.1989675347273536,0.0,0.0,0.0,0.1584,1.3464,-0.35639999999999994,0.0,0.0,0.2,0.0,0.0,0.1989675347273536,0.0020777729190408684,0.0,0.0,square,2,0.2,0.25,27,54,1.4499716758728027,0.0
1779528330.6653836,0.0,0.0,0.1989675347273536,0.0020777729190408684,0.0,0.0,-0.1188,1.5048000000000001,-0.3168,0.0,0.0,0.2,0.0,0.0,0.1989675347273536,0.0,0.0020777729190408684,0.0,square,2,0.2,0.25,27,54,1.4599697589874268,0.0
1779528330.675592,0.0,0.0,0.1989675347273536,0.0,0.0020777729190408684,0.0,-0.1188,1.4652,-0.3168,0.0,0.0,0.2,0.0,0.0,0.1989675347273536,0.0,0.0,0.0,square,2,0.2,0.25,27,54,1.4699420928955078,0.0
1779528330.6855547,0.0,0.0,0.1989675347273536,0.0,0.0,0.0,-0.0792,1.3860000000000001,-0.35639999999999994,0.0,0.0,0.2,0.0,0.0,0.1989675347273536,0.0,0.0,0.0,square,2,0.2,0.25,27,54,1.4801504611968994,0.0
1779528330.6954308,0.0,0.0,0.1989675347273536,0.0,0.0,0.0,-0.1188,1.5444,-0.3168,0.0,0.0,0.2,0.0,0.0,0.1989675347273536,0.0,0.0,-0.0020777729190408684,square,2,0.2,0.25,27,54,1.4901132583618164,0.0
1779528330.7055337,0.0,0.0,0.1989675347273536,0.0,0.0,-0.0020777729190408684,-0.1188,1.4255999999999998,-0.35639999999999994,0.0,0.0,0.2,0.0,0.0,0.1989675347273536,0.0,0.0,-0.0020777729190408684,square,2,0.2,0.25,27,54,1.4999892711639404,0.0
1779528330.715415,0.0,0.0,0.1989675347273536,0.0,0.0,-0.0020777729190408684,-0.1188,1.4255999999999998,-0.35639999999999994,0.0,0.0,0.2,0.0,0.0,0.1989675347273536,0.0,0.0,0.0,square,2,0.2,0.25,27,54,1.5100922584533691,0.0
1779528330.7254257,0.0,0.0,0.1989675347273536,0.0,0.0,0.0,-0.1188,1.4652,-0.2376,0.0,0.0,0.2,0.0,0.0,0.1989675347273536,0.0,0.0,0.0,square,2,0.2,0.25,27,54,1.5199735164642334,0.0
1779528330.735409,0.0,0.0,0.1989675347273536,0.0,0.0,0.0,-0.0792,1.4255999999999998,-0.2376,0.0,0.0,0.2,0.0,0.0,0.1989675347273536,0.0,0.0,0.0,square,2,0.2,0.25,27,54,1.5299842357635498,0.0
1779528330.7454135,0.0,0.0,0.1989675347273536,0.0,0.0,0.0,-0.0792,1.5048000000000001,-0.35639999999999994,0.0,0.0,0.2,0.0,0.0,0.1989675347273536,0.0,0.0,0.0,square,2,0.2,0.25,27,54,1.5399675369262695,0.0
1779528330.7554102,0.0,0.0,0.1989675347273536,0.0,0.0,0.0,-0.1188,1.5048000000000001,-0.35639999999999994,0.0,0.0,0.2,0.0,0.0,0.1989675347273536,0.0,0.0,0.0,square,2,0.2,0.25,27,54,1.5499720573425293,0.0
1779528330.7654335,0.0,0.0,0.1989675347273536,0.0,0.0,0.0,-0.0792,1.4652,-0.2376,0.0,0.0,0.2,0.0,0.0,0.1989675347273536,0.0,0.0,0.0,square,2,0.2,0.25,27,54,1.5599687099456787,0.0
1779528330.775412,0.0,0.0,0.1989675347273536,0.0,0.0,0.0,-0.1188,1.4652,-0.2376,0.0,0.0,0.2,0.0,0.0,0.1989675347273536,0.0,0.0,0.0,square,2,0.2,0.25,27,54,1.5699920654296875,0.0
1779528330.7854114,0.0,0.0,0.1989675347273536,0.0,0.0,0.0,-0.1584,1.5048000000000001,-0.27720000000000006,0.0,0.0,0.2,0.0,0.0,0.1989675347273536,0.0,0.0,0.0,square,2,0.2,0.25,27,54,1.5799705982208252,0.0
1779528330.7954106,0.0,0.0,0.1989675347273536,0.0,0.0,0.0,-0.1584,1.5048000000000001,-0.27720000000000006,0.0,0.0,0.2,0.0,0.0,0.1989675347273536,0.0,0.0,0.0,square,2,0.2,0.25,27,54,1.5899698734283447,0.0
1779528330.8054624,0.0,0.0,0.1989675347273536,0.0,0.0,0.0,0.0792,1.584,-0.2376,0.0,0.0,0.2,0.0,0.0,0.1989675347273536,0.0020777729190408684,0.0,0.0,square,2,0.2,0.25,27,54,1.5999691486358643,0.0
1779528330.8154192,0.0,0.0,0.1989675347273536,0.0020777729190408684,0.0,0.0,-0.1188,1.3464,-0.396,0.0,0.0,0.2,0.0,0.0,0.1989675347273536,0.0,0.0,0.0,square,2,0.2,0.25,27,54,1.6100208759307861,0.0
1779528330.825412,0.0,0.0,0.1989675347273536,0.0,0.0,0.0,-0.1188,1.4255999999999998,-0.27720000000000006,0.0,0.0,0.2,0.0,0.0,0.1989675347273536,0.0,0.0,0.0,square,2,0.2,0.25,27,54,1.6199777126312256,0.0
1779528330.835556,0.0,0.0,0.1989675347273536,0.0,0.0,0.0,-0.1188,1.5444,-0.3168,0.0,0.0,0.2,0.0,0.0,0.1989675347273536,0.0,0.0020777729190408684,0.0,square,2,0.2,0.25,27,54,1.6299705505371094,0.0
1779528330.845415,0.0,0.0,0.1989675347273536,0.0,0.0020777729190408684,0.0,-0.0792,1.5048000000000001,-0.35639999999999994,0.0,0.0,0.2,0.0,0.0,0.1989675347273536,0.0,0.0,0.0,square,2,0.2,0.25,27,54,1.6401145458221436,0.0
1779528330.855413,0.0,0.0,0.1989675347273536,0.0,0.0,0.0,-0.1188,1.4652,-0.2376,0.0,0.0,0.2,0.0,0.0,0.1989675347273536,0.0,0.0,0.0,square,2,0.2,0.25,27,54,1.6499736309051514,0.0
1779528330.8655667,0.0,0.0,0.1989675347273536,0.0,0.0,0.0,-0.1584,1.5048000000000001,-0.2376,0.0,0.0,0.2,0.0,0.0,0.1989675347273536,0.0,0.0,0.0,square,2,0.2,0.25,27,54,1.6599714756011963,0.0
1779528330.8754127,0.0,0.0,0.1989675347273536,0.0,0.0,0.0,-0.0792,1.5048000000000001,-0.27720000000000006,0.0,0.0,0.2,0.0,0.0,0.1989675347273536,0.0,0.0,0.0,square,2,0.2,0.25,27,54,1.6701252460479736,0.0
1779528330.8855395,0.0,0.0,0.1989675347273536,0.0,0.0,0.0,-0.0792,1.5048000000000001,-0.27720000000000006,0.0,0.0,0.2,0.0,0.0,0.1989675347273536,0.0,0.0,0.0,square,2,0.2,0.25,27,54,1.6799712181091309,0.0
1779528330.895457,0.0,0.0,0.1989675347273536,0.0,0.0,0.0,-0.0792,1.5048000000000001,-0.27720000000000006,0.0,0.0,0.2,0.0,0.0,0.1989675347273536,0.0,0.0,-0.0020777729190408684,square,2,0.2,0.25,27,54,1.6900980472564697,0.0
1779528330.9055564,0.0,0.0,0.1989675347273536,0.0,0.0,-0.0020777729190408684,-0.1188,1.4255999999999998,-0.35639999999999994,0.0,0.0,0.2,0.0,0.0,0.1989675347273536,0.0,0.0,0.0,square,2,0.2,0.25,27,54,1.7000155448913574,0.0
1779528330.9154246,0.0,0.0,0.1989675347273536,0.0,0.0,0.0,-0.1188,1.3860000000000001,-0.27720000000000006,0.0,0.0,0.2,0.0,0.0,0.1989675347273536,-0.0020777729190408684,0.0,0.0,square,2,0.2,0.25,27,54,1.7101149559020996,0.0
1779528330.9254107,0.0,0.0,0.1989675347273536,-0.0020777729190408684,0.0,0.0,-0.1188,1.4652,-0.27720000000000006,0.0,0.0,0.2,0.0,0.0,0.1989675347273536,0.0,0.0,0.0,square,2,0.2,0.25,27,54,1.7199831008911133,0.0
1779528330.9355478,0.0,0.0,0.1989675347273536,0.0,0.0,0.0,-0.0792,1.5048000000000001,-0.35639999999999994,0.0,0.0,0.2,0.0,0.0,0.1989675347273536,0.0,0.0,0.0,square,2,0.2,0.25,27,54,1.7299692630767822,0.0
1779528330.945412,0.0,0.0,0.1989675347273536,0.0,0.0,0.0,-0.1188,1.4652,-0.2376,0.0,0.0,0.2,0.0,0.0,0.1989675347273536,0.0,0.0,0.0,square,2,0.2,0.25,27,54,1.7401063442230225,0.0
1779528330.9554126,0.0,0.0,0.1989675347273536,0.0,0.0,0.0,-0.0396,1.4652,-0.2376,0.0,0.0,0.2,0.0,0.0,0.1989675347273536,0.0,0.0,0.0,square,2,0.2,0.25,27,54,1.7499704360961914,0.0
1779528330.9654315,0.0,0.0,0.1989675347273536,0.0,0.0,0.0,-0.1584,1.3860000000000001,-0.3168,0.0,0.0,0.2,0.0,0.0,0.1989675347273536,0.0,0.0,0.0,square,2,0.2,0.25,27,54,1.7599711418151855,0.0
1779528330.9754133,0.0,0.0,0.1989675347273536,0.0,0.0,0.0,-0.0396,1.4652,-0.3168,0.0,0.0,0.2,0.0,0.0,0.1989675347273536,0.0,0.0,0.0,square,2,0.2,0.25,27,54,1.7699899673461914,0.0
1779528330.9854133,0.0,0.0,0.1989675347273536,0.0,0.0,0.0,-0.0792,1.5048000000000001,-0.3168,0.0,0.0,0.2,0.0,0.0,0.1989675347273536,0.0,0.0,0.0,square,2,0.2,0.25,27,54,1.7799718379974365,0.0
1779528330.995437,0.0,0.0,0.1989675347273536,0.0,0.0,0.0,-0.1584,1.3464,-0.2376,0.0,0.0,0.2,0.0,0.0,0.1989675347273536,0.0,0.0,0.0,square,2,0.2,0.25,27,54,1.7899718284606934,0.0
1779528331.0054145,0.0,0.0,0.1989675347273536,0.0,0.0,0.0,-0.0792,1.3860000000000001,-0.27720000000000006,0.0,0.0,0.2,0.0,0.0,0.1989675347273536,0.0,0.0,0.0,square,2,0.2,0.25,27,54,1.7999954223632812,0.0
1779528331.015413,0.0,0.0,0.1989675347273536,0.0,0.0,0.0,-0.0396,1.4652,-0.3168,0.0,0.0,0.2,0.0,0.0,0.1989675347273536,-0.0020777729190408684,0.0,0.0,square,2,0.2,0.25,27,54,1.8099730014801025,0.0
1779528331.0254571,0.0,0.0,0.1989675347273536,-0.0020777729190408684,0.0,0.0,-0.0792,1.4255999999999998,-0.3168,0.0,0.0,0.2,0.0,0.0,0.1989675347273536,0.0,0.0,0.0,square,2,0.2,0.25,27,54,1.8199715614318848,0.0
1779528331.0356693,0.0,0.0,0.1989675347273536,0.0,0.0,0.0,-0.1188,1.4652,-0.27720000000000006,0.0,0.0,0.2,0.0,0.0,0.1989675347273536,0.0,0.0,0.0,square,2,0.2,0.25,27,54,1.8300156593322754,0.0
1779528331.0454142,0.0,0.0,0.1989675347273536,0.0,0.0,0.0,-0.0792,1.5048000000000001,-0.198,0.0,0.0,0.2,0.0,0.0,0.1989675347273536,0.0,0.0,0.0,square,2,0.2,0.25,27,54,1.8402278423309326,0.0
1779528331.055595,0.0,0.0,0.1989675347273536,0.0,0.0,0.0,-0.1584,1.5048000000000001,-0.198,0.0,0.0,0.2,0.0,0.0,0.1989675347273536,0.0,0.0,0.0,square,2,0.2,0.25,27,54,1.8499727249145508,0.0
1779528331.0654483,0.0,0.0,0.1989675347273536,0.0,0.0,0.0,-0.1188,1.584,0.396,0.0,0.0,0.2,0.0,0.0,0.1989675347273536,0.0,0.0,0.0,square,2,0.2,0.25,27,54,1.8601534366607666,0.0
1779528331.0754104,0.0,0.0,0.1989675347273536,0.0,0.0,0.0,-0.1188,1.3860000000000001,-0.3168,0.0,0.0,0.2,0.0,0.0,0.1989675347273536,0.0,0.0,0.0,square,2,0.2,0.25,27,54,1.870006799697876,0.0
1779528331.0855303,0.0,0.0,0.1989675347273536,0.0,0.0,0.0,-0.0396,1.5048000000000001,-0.198,0.0,0.0,0.2,0.0,0.0,0.1989675347273536,0.0,-0.0020777729190408684,0.0,square,2,0.2,0.25,27,54,1.8799688816070557,0.0
1779528331.0954158,0.0,0.0,0.1989675347273536,0.0,-0.0020777729190408684,0.0,-0.0792,1.4652,-0.198,0.0,0.0,0.2,0.0,0.0,0.1989675347273536,0.0,0.0,0.0,square,2,0.2,0.25,27,54,1.8900887966156006,0.0
1779528331.1054106,0.0,0.0,0.1989675347273536,0.0,0.0,0.0,-0.1188,1.5444,-0.35639999999999994,0.0,0.0,0.2,0.0,0.0,0.1989675347273536,0.0,0.0,0.0,square,2,0.2,0.25,27,54,1.8999743461608887,0.0
1779528331.115383,0.0,0.0,0.1989675347273536,0.0,0.0,0.0,-0.0792,1.5048000000000001,-0.2376,0.0,0.0,0.2,0.0,0.0,0.1989675347273536,0.0,0.0,0.0,square,2,0.2,0.25,27,54,1.9099690914154053,0.0
1779528331.125573,0.0,0.0,0.1989675347273536,0.0,0.0,0.0,-0.0396,1.5048000000000001,-0.35639999999999994,0.0,0.0,0.2,0.0,0.0,0.1989675347273536,0.0,0.0,0.0,square,2,0.2,0.25,27,54,1.9199414253234863,0.0
1779528331.135412,0.0,0.0,0.1989675347273536,0.0,0.0,0.0,-0.0396,1.3860000000000001,-0.35639999999999994,0.0,0.0,0.2,0.0,0.0,0.1989675347273536,0.0020777729190408684,0.0,0.0,square,2,0.2,0.25,27,54,1.930131435394287,0.0
1779528331.1454675,0.0,0.0,0.1989675347273536,0.0020777729190408684,0.0,0.0,0.1188,1.5444,-0.27720000000000006,0.0,0.0,0.2,0.0,0.0,0.1989675347273536,0.0,0.0,0.0,square,2,0.2,0.25,27,54,1.9399704933166504,0.0
1779528331.1556046,0.0,0.0,0.1989675347273536,0.0,0.0,0.0,-0.1188,1.4255999999999998,-0.27720000000000006,0.0,0.0,0.2,0.0,0.0,0.1989675347273536,0.0,0.0,-0.0020777729190408684,square,2,0.2,0.25,27,54,1.950026035308838,0.0
1779528331.1654122,0.0,0.0,0.1989675347273536,0.0,0.0,-0.0020777729190408684,-0.0792,1.4652,-0.27720000000000006,0.0,0.0,0.2,0.0,0.0,0.1989675347273536,0.0,0.0,0.0,square,2,0.2,0.25,27,54,1.9601631164550781,0.0
1779528331.1754265,0.0,0.0,0.1989675347273536,0.0,0.0,0.0,-0.0792,1.5048000000000001,-0.35639999999999994,0.0,0.0,0.2,0.0,0.0,0.1989675347273536,0.0,0.0,0.0,square,2,0.2,0.25,27,54,1.969970703125,0.0
1779528331.1855426,0.0,0.0,0.1989675347273536,0.0,0.0,0.0,-0.0792,1.4255999999999998,-0.198,0.0,0.0,0.2,0.0,0.0,0.1989675347273536,0.0,0.0,-0.0020777729190408684,square,2,0.2,0.25,27,54,1.979984998703003,0.0
1779528331.195427,0.0,0.0,0.1989675347273536,0.0,0.0,-0.0020777729190408684,-0.1188,1.5444,-0.27720000000000006,0.0,0.0,0.2,0.0,0.0,0.1989675347273536,0.0,0.0,0.0,square,2,0.2,0.25,27,54,1.9901010990142822,0.0
1779528331.2054121,0.0,0.0,0.1989675347273536,0.0,0.0,0.0,-0.0792,1.5444,-0.3168,0.0,0.0,0.2,0.0,0.0,0.1989675347273536,0.0,0.0,0.0,square,2,0.2,0.25,27,54,1.9999854564666748,0.0
1779528331.215662,0.0,0.0,0.1989675347273536,0.0,0.0,0.0,-0.1188,1.4652,-0.3168,0.0,0.0,-0.2,0.0,0.0,0.1989675347273536,0.0,0.0,0.0,square,2,0.2,0.25,27,54,2.0099706649780273,0.0
1779528331.2255409,0.0,0.0,0.1989675347273536,0.0,0.0,0.0,-0.0792,1.5048000000000001,-0.3168,0.0,0.0,-0.2,0.0,0.0,0.1989675347273536,0.0,0.0,-0.004155545838081737,square,2,0.2,0.25,27,54,2.0202205181121826,0.0
1779528331.2354202,0.0,0.0,0.1989675347273536,0.0,0.0,-0.004155545838081737,-0.4752,2.6136,3.6431999999999998,0.0,0.0,-0.2,0.0,0.0,0.18151424220741028,0.0,-0.0020777729190408684,-1.4170411307858721,square,2,0.2,0.25,27,54,2.030099391937256,0.0
1779528331.2454104,0.0,0.0,0.18151424220741028,0.0,-0.0020777729190408684,-1.4170411307858721,-0.396,2.3364,1.4652,0.0,0.0,-0.2,0.0,0.0,0.1518436449235067,0.0,-0.004155545838081737,-2.825771169895581,square,2,0.2,0.25,27,54,2.0399787425994873,0.0
1779528331.2555354,0.0,0.0,0.1518436449235067,0.0,-0.004155545838081737,-2.825771169895581,0.0,1.4652,4.6728,0.0,0.0,-0.2,0.0,0.0,0.10821041362364843,0.0020777729190408684,0.0,-3.9893240045584673,square,2,0.2,0.25,27,54,2.049968957901001,0.0
1779528331.265414,0.0,0.0,0.10821041362364843,0.0020777729190408684,0.0,-3.9893240045584673,0.1584,1.5048000000000001,2.2176000000000005,0.0,0.0,-0.2,0.0,0.0,0.061086523819801536,0.0,0.0,-4.544089373942379,square,2,0.2,0.25,27,54,2.060093879699707,0.0
1779528331.275409,0.0,0.0,0.061086523819801536,0.0,0.0,-4.544089373942379,-0.0396,1.3860000000000001,0.198,0.0,0.0,-0.2,0.0,0.0,0.015707963267948967,0.0,0.004155545838081737,-4.527467190590052,square,2,0.2,0.25,27,54,2.069972515106201,0.0
1779528331.285595,0.0,0.0,0.015707963267948967,0.0,0.004155545838081737,-4.527467190590052,0.1584,1.4652,-3.9204,0.0,0.0,-0.2,0.0,0.0,-0.019198621771937627,0.0,0.006233318757122605,-3.850113218982729,square,2,0.2,0.25,27,54,2.079967498779297,0.0
1779528331.2955465,0.0,0.0,-0.019198621771937627,0.0,0.006233318757122605,-3.850113218982729,0.0,1.6236000000000002,-0.6732,0.0,0.0,-0.2,0.0,0.0,-0.050614548307835565,-0.004155545838081737,0.0,-3.2621034828941635,square,2,0.2,0.25,27,54,2.090153455734253,0.0
1779528331.3054109,0.0,0.0,-0.050614548307835565,-0.004155545838081737,0.0,-3.2621034828941635,0.0,1.5048000000000001,-0.2376,0.0,0.0,-0.2,0.0,0.0,-0.07853981633974483,0.0,0.0,-2.8216156240574994,square,2,0.2,0.25,27,54,2.100105047225952,0.0
1779528331.3154101,0.0,0.0,-0.07853981633974483,0.0,0.0,-2.8216156240574994,0.0396,1.2276,-1.4255999999999998,0.0,0.0,-0.2,0.0,0.0,-0.10122909661567113,0.0,0.0,-2.3582722631113855,square,2,0.2,0.25,27,54,2.1099693775177,0.0
1779528331.3254106,0.0,0.0,-0.10122909661567113,0.0,0.0,-2.3582722631113855,-0.1584,1.2276,-0.1188,0.0,0.0,-0.2,0.0,0.0,-0.11868238913561442,0.0020777729190408684,0.0,-1.9655731814126616,square,2,0.2,0.25,27,54,2.1199686527252197,0.0
1779528331.3354104,0.0,0.0,-0.11868238913561442,0.0020777729190408684,0.0,-1.9655731814126616,-0.2376,1.4652,-0.396,0.0,0.0,-0.2,0.0,0.0,-0.1343903524035634,0.0,0.0,-1.6310517414470818,square,2,0.2,0.25,27,54,2.1299691200256348,0.0
1779528331.345426,0.0,0.0,-0.1343903524035634,0.0,0.0,-1.6310517414470818,-0.2376,1.5048000000000001,-0.1188,0.0,0.0,-0.2,0.0,0.0,-0.14835298641951802,0.0,0.0,-1.3463968515384828,square,2,0.2,0.25,27,54,2.1399688720703125,0.0
1779528331.3554103,0.0,0.0,-0.14835298641951802,0.0,0.0,-1.3463968515384828,-0.198,1.4652,-0.0792,0.0,0.0,-0.2,0.0,0.0,-0.158824961931484,-0.0020777729190408684,0.0,-1.1012196470916602,square,2,0.2,0.25,27,54,2.14998459815979,0.0
1779528331.3654125,0.0,0.0,-0.158824961931484,-0.0020777729190408684,0.0,-1.1012196470916602,-0.1188,1.4255999999999998,0.0792,0.0,0.0,-0.2,0.0,0.0,-0.1658062789394613,-0.0020777729190408684,0.0,-0.899675673944696,square,2,0.2,0.25,27,54,2.159968852996826,0.0
1779528331.375427,0.0,0.0,-0.1658062789394613,-0.0020777729190408684,0.0,-0.899675673944696,-0.0792,1.5048000000000001,-0.0792,0.0,0.0,-0.2,0.0,0.0,-0.17278759594743864,0.0,0.0,-0.7292982945833448,square,2,0.2,0.25,27,54,2.169970989227295,0.0
1779528331.3853838,0.0,0.0,-0.17278759594743864,0.0,0.0,-0.7292982945833448,-0.0396,1.5444,0.27720000000000006,0.0,0.0,-0.2,0.0,0.0,-0.17976891295541597,0.0020777729190408684,-0.0020777729190408684,-0.5859319631695249,square,2,0.2,0.25,27,54,2.179985523223877,0.0
1779528331.395525,0.0,0.0,-0.17976891295541597,0.0020777729190408684,-0.0020777729190408684,-0.5859319631695249,-0.0792,1.4255999999999998,0.0792,0.0,0.0,-0.2,0.0,0.0,-0.1832595714594046,0.0,0.0,-0.47788777137939975,square,2,0.2,0.25,27,54,2.1899423599243164,0.0
1779528331.4054108,0.0,0.0,-0.1832595714594046,0.0,0.0,-0.47788777137939975,0.0,1.4255999999999998,0.198,0.0,0.0,-0.2,0.0,0.0,-0.1867502299633933,-0.0020777729190408684,0.0,-0.3739991254273563,square,2,0.2,0.25,27,54,2.2000834941864014,0.0
1779528331.4154112,0.0,0.0,-0.1867502299633933,-0.0020777729190408684,0.0,-0.3739991254273563,0.0,1.3464,0.35639999999999994,0.0,0.0,-0.2,0.0,0.0,-0.19024088846738194,0.0,0.0,-0.3033548461799668,square,2,0.2,0.25,27,54,2.2099692821502686,0.0
1779528331.4255865,0.0,0.0,-0.19024088846738194,0.0,0.0,-0.3033548461799668,0.0,1.3860000000000001,-0.1584,0.0,0.0,-0.2,0.0,0.0,-0.19198621771937624,0.0,0.0,-0.22647724817545464,square,2,0.2,0.25,27,54,2.2199697494506836,0.0
1779528331.4354563,0.0,0.0,-0.19198621771937624,0.0,0.0,-0.22647724817545464,-0.0792,1.584,0.396,0.0,0.0,-0.2,0.0,0.0,-0.1937315469713706,0.0020777729190408684,0.0,-0.19323288147080075,square,2,0.2,0.25,27,54,2.23014497756958,0.0
1779528331.445539,0.0,0.0,-0.1937315469713706,0.0020777729190408684,0.0,-0.19323288147080075,-0.1584,1.4652,0.0,0.0,0.0,-0.2,0.0,0.0,-0.1954768762233649,0.004155545838081737,-0.0020777729190408684,-0.1516774230899834,square,2,0.2,0.25,27,54,2.2400147914886475,0.0
1779528331.4554136,0.0,0.0,-0.1954768762233649,0.004155545838081737,-0.0020777729190408684,-0.1516774230899834,0.2376,1.4255999999999998,0.0792,0.0,0.0,-0.2,0.0,0.0,-0.19722220547535924,0.0020777729190408684,-0.0020777729190408684,-0.11427751054724776,square,2,0.2,0.25,27,54,2.2500975131988525,0.0
1779528331.4654148,0.0,0.0,-0.19722220547535924,0.0020777729190408684,-0.0020777729190408684,-0.11427751054724776,0.2376,1.3860000000000001,0.396,0.0,0.0,-0.2,0.0,0.0,-0.19722220547535924,-0.0020777729190408684,0.0,-0.07687759800451213,square,2,0.2,0.25,27,54,2.259972095489502,0.0
1779528331.4754121,0.0,0.0,-0.19722220547535924,-0.0020777729190408684,0.0,-0.07687759800451213,-0.1584,1.4652,0.7127999999999999,0.0,0.0,-0.2,0.0,0.0,-0.19722220547535924,-0.004155545838081737,0.0,-0.05402209589506258,square,2,0.2,0.25,27,54,2.2699732780456543,0.0
1779528331.4854143,0.0,0.0,-0.19722220547535924,-0.004155545838081737,0.0,-0.05402209589506258,-0.0396,1.4652,0.99,0.0,0.0,-0.2,0.0,0.0,-0.19722220547535924,-0.004155545838081737,0.0,-0.05194432297602171,square,2,0.2,0.25,27,54,2.279970645904541,0.0
1779528331.4955466,0.0,0.0,-0.19722220547535924,-0.004155545838081737,0.0,-0.05194432297602171,0.0,1.4255999999999998,0.5940000000000001,0.0,0.0,-0.2,0.0,0.0,-0.1989675347273536,-0.0020777729190408684,0.0,-0.033244366704653895,square,2,0.2,0.25,27,54,2.2899727821350098,0.0
1779528331.5055842,0.0,0.0,-0.1989675347273536,-0.0020777729190408684,0.0,-0.033244366704653895,0.0396,1.4652,0.8316,0.0,0.0,-0.2,0.0,0.0,-0.1989675347273536,0.0,0.0,-0.022855502109449553,square,2,0.2,0.25,27,54,2.300105094909668,0.0
1779528331.5154154,0.0,0.0,-0.1989675347273536,0.0,0.0,-0.022855502109449553,0.0,1.3860000000000001,0.8712,0.0,0.0,-0.2,0.0,0.0,-0.1989675347273536,0.0,0.0,-0.020777729190408684,square,2,0.2,0.25,27,54,2.310142755508423,0.0
1779528331.525413,0.0,0.0,-0.1989675347273536,0.0,0.0,-0.020777729190408684,-0.0396,1.4255999999999998,0.7524000000000001,0.0,0.0,-0.2,0.0,0.0,-0.1989675347273536,0.0020777729190408684,0.0,-0.02493327502849042,square,2,0.2,0.25,27,54,2.319973945617676,0.0
1779528331.5355089,0.0,0.0,-0.1989675347273536,0.0020777729190408684,0.0,-0.02493327502849042,-0.1188,1.3860000000000001,0.1584,0.0,0.0,-0.2,0.0,0.0,-0.1989675347273536,0.004155545838081737,0.0020777729190408684,-0.010388864595204342,square,2,0.2,0.25,27,54,2.3299715518951416,0.0
1779528331.5454147,0.0,0.0,-0.1989675347273536,0.004155545838081737,0.0020777729190408684,-0.010388864595204342,0.198,1.4255999999999998,0.5544000000000001,0.0,0.0,-0.2,0.0,0.0,-0.1989675347273536,0.0,0.0,-0.008311091676163474,square,2,0.2,0.25,27,54,2.3400673866271973,0.0
1779528331.5554166,0.0,0.0,-0.1989675347273536,0.0,0.0,-0.008311091676163474,0.1584,1.4652,0.4752,0.0,0.0,-0.2,0.0,0.0,-0.1989675347273536,0.0,0.0,-0.004155545838081737,square,2,0.2,0.25,27,54,2.349973201751709,0.0
1779528331.5654285,0.0,0.0,-0.1989675347273536,0.0,0.0,-0.004155545838081737,-0.1188,1.5444,0.5544000000000001,0.0,0.0,-0.2,0.0,0.0,-0.1989675347273536,0.0,-0.0020777729190408684,-0.004155545838081737,square,2,0.2,0.25,27,54,2.3599750995635986,0.0
1779528331.5754116,0.0,0.0,-0.1989675347273536,0.0,-0.0020777729190408684,-0.004155545838081737,-0.0792,1.5048000000000001,0.4356,0.0,0.0,-0.2,0.0,0.0,-0.1989675347273536,0.0,0.0,0.0,square,2,0.2,0.25,27,54,2.3699870109558105,0.0
1779528331.5855997,0.0,0.0,-0.1989675347273536,0.0,0.0,0.0,-0.0792,1.5048000000000001,0.5940000000000001,0.0,0.0,-0.2,0.0,0.0,-0.1989675347273536,-0.0020777729190408684,0.0,0.0,square,2,0.2,0.25,27,54,2.379970073699951,0.0
1779528331.595425,0.0,0.0,-0.1989675347273536,-0.0020777729190408684,0.0,0.0,0.0396,1.4652,0.4752,0.0,0.0,-0.2,0.0,0.0,-0.1989675347273536,-0.0020777729190408684,0.0,-0.0020777729190408684,square,2,0.2,0.25,27,54,2.390158176422119,0.0
1779528331.6054876,0.0,0.0,-0.1989675347273536,-0.0020777729190408684,0.0,-0.0020777729190408684,0.0,1.5048000000000001,0.396,0.0,0.0,-0.2,0.0,0.0,-0.1989675347273536,0.0,0.0,0.0,square,2,0.2,0.25,27,54,2.3999834060668945,0.0
1779528331.6154132,0.0,0.0,-0.1989675347273536,0.0,0.0,0.0,0.0,1.4255999999999998,0.35639999999999994,0.0,0.0,-0.2,0.0,0.0,-0.1989675347273536,0.0,0.0,0.0,square,2,0.2,0.25,27,54,2.410046100616455,0.0
1779528331.6254113,0.0,0.0,-0.1989675347273536,0.0,0.0,0.0,0.0,1.4652,0.35639999999999994,0.0,0.0,-0.2,0.0,0.0,-0.1989675347273536,0.0,0.0,0.0,square,2,0.2,0.25,27,54,2.4199717044830322,0.0
1779528331.6355782,0.0,0.0,-0.1989675347273536,0.0,0.0,0.0,0.0,1.4652,0.4752,0.0,0.0,-0.2,0.0,0.0,-0.1989675347273536,0.0,0.0,0.0,square,2,0.2,0.25,27,54,2.4299697875976562,0.0
1779528331.6455402,0.0,0.0,-0.1989675347273536,0.0,0.0,0.0,-0.0396,1.4652,0.2376,0.0,0.0,-0.2,0.0,0.0,-0.1989675347273536,0.0,0.0,0.0,square,2,0.2,0.25,27,54,2.440136671066284,0.0
1779528331.6554127,0.0,0.0,-0.1989675347273536,0.0,0.0,0.0,-0.0396,1.4652,0.2376,0.0,0.0,-0.2,0.0,0.0,-0.1989675347273536,0.0,0.0,0.0,square,2,0.2,0.25,27,54,2.450098752975464,0.0
1779528331.6655364,0.0,0.0,-0.1989675347273536,0.0,0.0,0.0,-0.1584,1.4255999999999998,0.35639999999999994,0.0,0.0,-0.2,0.0,0.0,-0.1989675347273536,0.0,0.0,0.0020777729190408684,square,2,0.2,0.25,27,54,2.4599711894989014,0.0
1779528331.6754112,0.0,0.0,-0.1989675347273536,0.0,0.0,0.0020777729190408684,0.1584,1.3860000000000001,0.3168,0.0,0.0,-0.2,0.0,0.0,-0.1989675347273536,0.0,0.0,0.0,square,2,0.2,0.25,27,54,2.470094919204712,0.0
1779528331.6857142,0.0,0.0,-0.1989675347273536,0.0,0.0,0.0,-0.1188,1.5048000000000001,-0.3168,0.0,0.0,-0.2,0.0,0.0,-0.1989675347273536,-0.0020777729190408684,0.0,0.0,square,2,0.2,0.25,27,54,2.4799697399139404,0.0
1779528331.695412,0.0,0.0,-0.1989675347273536,-0.0020777729190408684,0.0,0.0,0.0,1.4255999999999998,-0.2376,0.0,0.0,-0.2,0.0,0.0,-0.1989675347273536,-0.0020777729190408684,0.0,0.0,square,2,0.2,0.25,27,54,2.4902727603912354,0.0
1779528331.7054105,0.0,0.0,-0.1989675347273536,-0.0020777729190408684,0.0,0.0,0.0,1.4255999999999998,-0.1584,0.0,0.0,-0.2,0.0,0.0,-0.1989675347273536,0.0,0.0,0.0,square,2,0.2,0.25,27,54,2.4999704360961914,0.0
1779528331.7154162,0.0,0.0,-0.1989675347273536,0.0,0.0,0.0,0.0,1.3860000000000001,-0.198,0.0,0.0,-0.2,0.0,0.0,-0.1989675347273536,0.0,0.0,0.0,square,2,0.2,0.25,27,54,2.5099689960479736,0.0
1779528331.7255955,0.0,0.0,-0.1989675347273536,0.0,0.0,0.0,0.0,1.4255999999999998,-0.2376,0.0,0.0,-0.2,0.0,0.0,-0.1989675347273536,0.0020777729190408684,0.0,0.0,square,2,0.2,0.25,27,54,2.519974708557129,0.0
1779528331.735414,0.0,0.0,-0.1989675347273536,0.0020777729190408684,0.0,0.0,-0.0396,1.3068,0.1584,0.0,0.0,-0.2,0.0,0.0,-0.1989675347273536,0.0020777729190408684,0.0,0.0,square,2,0.2,0.25,27,54,2.53015398979187,0.0
1779528331.7456462,0.0,0.0,-0.1989675347273536,0.0020777729190408684,0.0,0.0,-0.1188,1.5444,-0.1584,0.0,0.0,-0.2,0.0,0.0,-0.1989675347273536,0.0,0.0,0.0,square,2,0.2,0.25,27,54,2.5399725437164307,0.0
1779528331.7554379,0.0,0.0,-0.1989675347273536,0.0,0.0,0.0,-0.1188,1.5048000000000001,-0.2376,0.0,0.0,-0.2,0.0,0.0,-0.1989675347273536,0.0,0.0,0.0020777729190408684,square,2,0.2,0.25,27,54,2.5502047538757324,0.0
1779528331.765518,0.0,0.0,-0.1989675347273536,0.0,0.0,0.0020777729190408684,-0.1188,1.4652,-0.1584,0.0,0.0,-0.2,0.0,0.0,-0.1989675347273536,0.0,0.0,0.0020777729190408684,square,2,0.2,0.25,27,54,2.5599963665008545,0.0
1779528331.775508,0.0,0.0,-0.1989675347273536,0.0,0.0,0.0020777729190408684,-0.1584,1.3860000000000001,-0.1188,0.0,0.0,-0.2,0.0,0.0,-0.1989675347273536,0.0,-0.0020777729190408684,0.0,square,2,0.2,0.25,27,54,2.5700764656066895,0.0
1779528331.7855306,0.0,0.0,-0.1989675347273536,0.0,-0.0020777729190408684,0.0,-0.0792,1.5048000000000001,-0.1584,0.0,0.0,-0.2,0.0,0.0,-0.1989675347273536,0.0,0.0,0.0,square,2,0.2,0.25,27,54,2.580066442489624,0.0
1779528331.79541,0.0,0.0,-0.1989675347273536,0.0,0.0,0.0,0.0,1.3860000000000001,0.1584,0.0,0.0,-0.2,0.0,0.0,-0.1989675347273536,-0.0020777729190408684,0.0,0.0,square,2,0.2,0.25,27,54,2.5900890827178955,0.0
1779528331.8055632,0.0,0.0,-0.1989675347273536,-0.0020777729190408684,0.0,0.0,0.0,1.5048000000000001,-0.1584,0.0,0.0,-0.2,0.0,0.0,-0.1989675347273536,0.0,0.0020777729190408684,0.0,square,2,0.2,0.25,27,54,2.599968433380127,0.0
1779528331.8154106,0.0,0.0,-0.1989675347273536,0.0,0.0020777729190408684,0.0,0.0,1.3464,0.1188,0.0,0.0,-0.2,0.0,0.0,-0.1989675347273536,0.0,0.0,0.0,square,2,0.2,0.25,27,54,2.610121726989746,0.0
1779528331.8254106,0.0,0.0,-0.1989675347273536,0.0,0.0,0.0,-0.0396,1.3860000000000001,0.1188,0.0,0.0,-0.2,0.0,0.0,-0.1989675347273536,0.0020777729190408684,0.0,0.0,square,2,0.2,0.25,27,54,2.619969129562378,0.0
1779528331.8354108,0.0,0.0,-0.1989675347273536,0.0020777729190408684,0.0,0.0,-0.0396,1.4255999999999998,0.1188,0.0,0.0,-0.2,0.0,0.0,-0.1989675347273536,0.0,0.0,0.0,square,2,0.2,0.25,27,54,2.6299691200256348,0.0
1779528331.8454149,0.0,0.0,-0.1989675347273536,0.0,0.0,0.0,-0.0792,1.3860000000000001,0.198,0.0,0.0,-0.2,0.0,0.0,-0.1989675347273536,0.0,0.0,0.0020777729190408684,square,2,0.2,0.25,27,54,2.6399693489074707,0.0
1779528331.8556333,0.0,0.0,-0.1989675347273536,0.0,0.0,0.0020777729190408684,-0.1188,1.3860000000000001,0.1188,0.0,0.0,-0.2,0.0,0.0,-0.1989675347273536,0.0,0.0,0.0020777729190408684,square,2,0.2,0.25,27,54,2.6499733924865723,0.0
1779528331.8654208,0.0,0.0,-0.1989675347273536,0.0,0.0,0.0020777729190408684,-0.1188,1.3860000000000001,0.1188,0.0,0.0,-0.2,0.0,0.0,-0.1989675347273536,-0.0020777729190408684,0.0,0.0,square,2,0.2,0.25,27,54,2.660191774368286,0.0
1779528331.8754113,0.0,0.0,-0.1989675347273536,-0.0020777729190408684,0.0,0.0,-0.1188,1.3860000000000001,0.1584,0.0,0.0,-0.2,0.0,0.0,-0.1989675347273536,-0.0020777729190408684,0.0,0.0,square,2,0.2,0.25,27,54,2.6699793338775635,0.0
1779528331.8854125,0.0,0.0,-0.1989675347273536,-0.0020777729190408684,0.0,0.0,-0.0792,1.4255999999999998,0.0792,0.0,0.0,-0.2,0.0,0.0,-0.1989675347273536,0.0,0.0,0.0,square,2,0.2,0.25,27,54,2.6799697875976562,0.0
1779528331.895383,0.0,0.0,-0.1989675347273536,0.0,0.0,0.0,-0.0396,1.5444,0.0396,0.0,0.0,-0.2,0.0,0.0,-0.1989675347273536,0.0,0.0,0.0,square,2,0.2,0.25,27,54,2.6899709701538086,0.0
1779528331.9055717,0.0,0.0,-0.1989675347273536,0.0,0.0,0.0,0.0,1.3068,0.0,0.0,0.0,-0.2,0.0,0.0,-0.1989675347273536,0.0,0.0,0.0,square,2,0.2,0.25,27,54,2.699941396713257,0.0
1779528331.9154165,0.0,0.0,-0.1989675347273536,0.0,0.0,0.0,-0.0396,1.4255999999999998,0.0792,0.0,0.0,-0.2,0.0,0.0,-0.1989675347273536,0.0,0.0,0.0,square,2,0.2,0.25,27,54,2.710130214691162,0.0
1779528331.925532,0.0,0.0,-0.1989675347273536,0.0,0.0,0.0,-0.0396,1.3068,0.0396,0.0,0.0,-0.2,0.0,0.0,-0.1989675347273536,0.0020777729190408684,0.0,0.0,square,2,0.2,0.25,27,54,2.719974994659424,0.0
1779528331.9356,0.0,0.0,-0.1989675347273536,0.0020777729190408684,0.0,0.0,-0.1584,1.4255999999999998,0.1584,0.0,0.0,-0.2,0.0,0.0,-0.1989675347273536,0.0020777729190408684,0.0,0.0,square,2,0.2,0.25,27,54,2.730090618133545,0.0
1779528331.9454095,0.0,0.0,-0.1989675347273536,0.0020777729190408684,0.0,0.0,-0.1584,1.4255999999999998,0.1584,0.0,0.0,-0.2,0.0,0.0,-0.1989675347273536,0.0,0.0,0.0,square,2,0.2,0.25,27,54,2.7401585578918457,0.0
1779528331.9553828,0.0,0.0,-0.1989675347273536,0.0,0.0,0.0,0.1584,1.3068,0.0396,0.0,0.0,-0.2,0.0,0.0,-0.1989675347273536,0.0,0.0,0.0020777729190408684,square,2,0.2,0.25,27,54,2.7499680519104004,0.0
1779528331.9654264,0.0,0.0,-0.1989675347273536,0.0,0.0,0.0020777729190408684,-0.0792,1.3860000000000001,-0.0396,0.0,0.0,-0.2,0.0,0.0,-0.1989675347273536,0.0020777729190408684,0.0,0.0,square,2,0.2,0.25,27,54,2.759941339492798,0.0
1779528331.975448,0.0,0.0,-0.1989675347273536,0.0020777729190408684,0.0,0.0,-0.0792,1.5048000000000001,0.0,0.0,0.0,-0.2,0.0,0.0,-0.1989675347273536,-0.0020777729190408684,0.0,0.0,square,2,0.2,0.25,27,54,2.7699849605560303,0.0
1779528331.9855475,0.0,0.0,-0.1989675347273536,-0.0020777729190408684,0.0,0.0,0.0,1.4652,0.0,0.0,0.0,-0.2,0.0,0.0,-0.1989675347273536,0.0,0.0020777729190408684,0.0020777729190408684,square,2,0.2,0.25,27,54,2.7800064086914062,0.0
1779528331.9955463,0.0,0.0,-0.1989675347273536,0.0,0.0020777729190408684,0.0020777729190408684,-0.0396,1.3860000000000001,0.0,0.0,0.0,-0.2,0.0,0.0,-0.1989675347273536,0.0,0.0020777729190408684,0.0020777729190408684,square,2,0.2,0.25,27,54,2.7901060581207275,0.0
1779528332.005615,0.0,0.0,-0.1989675347273536,0.0,0.0020777729190408684,0.0020777729190408684,-0.0396,1.3860000000000001,0.0,0.0,0.0,-0.2,0.0,0.0,-0.1989675347273536,0.0,0.0,0.0,square,2,0.2,0.25,27,54,2.800104856491089,0.0
1779528332.0154517,0.0,0.0,-0.1989675347273536,0.0,0.0,0.0,-0.0396,1.3860000000000001,0.0,0.0,0.0,-0.2,0.0,0.0,-0.1989675347273536,0.0,0.0,0.0,square,2,0.2,0.25,27,54,2.810173511505127,0.0
1779528332.0255241,0.0,0.0,-0.1989675347273536,0.0,0.0,0.0,-0.0396,1.4255999999999998,0.0,0.0,0.0,-0.2,0.0,0.0,-0.1989675347273536,0.0,-0.0020777729190408684,0.0,square,2,0.2,0.25,27,54,2.820010185241699,0.0
1779528332.035412,0.0,0.0,-0.1989675347273536,0.0,-0.0020777729190408684,0.0,-0.0792,1.3464,0.0396,0.0,0.0,-0.2,0.0,0.0,-0.1989675347273536,0.0,0.0020777729190408684,0.0,square,2,0.2,0.25,27,54,2.830082654953003,0.0
1779528332.045534,0.0,0.0,-0.1989675347273536,0.0,0.0020777729190408684,0.0,-0.1188,1.4255999999999998,0.1584,0.0,0.0,-0.2,0.0,0.0,-0.1989675347273536,0.0,0.0020777729190408684,0.0,square,2,0.2,0.25,27,54,2.839970588684082,0.0
1779528332.0554101,0.0,0.0,-0.1989675347273536,0.0,0.0020777729190408684,0.0,-0.1188,1.4255999999999998,0.1584,0.0,0.0,-0.2,0.0,0.0,-0.1989675347273536,0.0,0.0,0.0,square,2,0.2,0.25,27,54,2.8500924110412598,0.0
1779528332.065418,0.0,0.0,-0.1989675347273536,0.0,0.0,0.0,-0.0396,1.4255999999999998,0.1188,0.0,0.0,-0.2,0.0,0.0,-0.1989675347273536,0.0,0.0,0.0,square,2,0.2,0.25,27,54,2.859968662261963,0.0
1779528332.0754154,0.0,0.0,-0.1989675347273536,0.0,0.0,0.0,-0.0396,1.3464,0.0792,0.0,0.0,-0.2,0.0,0.0,-0.1989675347273536,0.0,0.0,0.0,square,2,0.2,0.25,27,54,2.86997652053833,0.0
1779528332.085562,0.0,0.0,-0.1989675347273536,0.0,0.0,0.0,-0.0396,1.2672,-0.0792,0.0,0.0,-0.2,0.0,0.0,-0.1989675347273536,0.0,0.0,0.0020777729190408684,square,2,0.2,0.25,27,54,2.879973888397217,0.0
1779528332.0954251,0.0,0.0,-0.1989675347273536,0.0,0.0,0.0020777729190408684,0.0396,1.4255999999999998,0.0396,0.0,0.0,-0.2,0.0,0.0,-0.1989675347273536,0.0020777729190408684,0.0,0.0,square,2,0.2,0.25,27,54,2.890120506286621,0.0
1779528332.1055892,0.0,0.0,-0.1989675347273536,0.0020777729190408684,0.0,0.0,-0.0396,1.3860000000000001,0.0,0.0,0.0,-0.2,0.0,0.0,-0.1989675347273536,0.0,0.0,0.0,square,2,0.2,0.25,27,54,2.8999836444854736,0.0
1779528332.1154106,0.0,0.0,-0.1989675347273536,0.0,0.0,0.0,-0.0792,1.3068,0.0792,0.0,0.0,-0.2,0.0,0.0,-0.1989675347273536,0.0,0.0,0.0,square,2,0.2,0.25,27,54,2.9101476669311523,0.0
1779528332.1255412,0.0,0.0,-0.1989675347273536,0.0,0.0,0.0,-0.0792,1.4652,0.0,0.0,0.0,-0.2,0.0,0.0,-0.1989675347273536,0.0,0.0,0.0,square,2,0.2,0.25,27,54,2.919969081878662,0.0
1779528332.1354105,0.0,0.0,-0.1989675347273536,0.0,0.0,0.0,-0.0792,1.3068,0.0396,0.0,0.0,-0.2,0.0,0.0,-0.1989675347273536,0.0020777729190408684,0.0,0.0,square,2,0.2,0.25,27,54,2.9300997257232666,0.0
1779528332.1453838,0.0,0.0,-0.1989675347273536,0.0020777729190408684,0.0,0.0,-0.1188,1.4652,-0.0396,0.0,0.0,-0.2,0.0,0.0,-0.1989675347273536,-0.0020777729190408684,0.0,0.0,square,2,0.2,0.25,27,54,2.939969062805176,0.0
1779528332.1554163,0.0,0.0,-0.1989675347273536,-0.0020777729190408684,0.0,0.0,-0.0792,1.3860000000000001,0.0,0.0,0.0,-0.2,0.0,0.0,-0.1989675347273536,0.0,0.0020777729190408684,0.0,square,2,0.2,0.25,27,54,2.9499423503875732,0.0
1779528332.1654115,0.0,0.0,-0.1989675347273536,0.0,0.0020777729190408684,0.0,-0.0792,1.4255999999999998,0.0,0.0,0.0,-0.2,0.0,0.0,-0.1989675347273536,0.0,0.0,0.0,square,2,0.2,0.25,27,54,2.959974765777588,0.0
1779528332.1754127,0.0,0.0,-0.1989675347273536,0.0,0.0,0.0,-0.0396,1.3860000000000001,0.1188,0.0,0.0,-0.2,0.0,0.0,-0.1989675347273536,0.0,0.0,0.0,square,2,0.2,0.25,27,54,2.9699699878692627,0.0
1779528332.1854138,0.0,0.0,-0.1989675347273536,0.0,0.0,0.0,-0.0792,1.4255999999999998,0.0,0.0,0.0,-0.2,0.0,0.0,-0.1989675347273536,0.0,0.0020777729190408684,0.0,square,2,0.2,0.25,27,54,2.979971170425415,0.0
1779528332.1954136,0.0,0.0,-0.1989675347273536,0.0,0.0020777729190408684,0.0,-0.0396,1.3860000000000001,0.0792,0.0,0.0,-0.2,0.0,0.0,-0.1989675347273536,-0.0020777729190408684,0.0,0.0,square,2,0.2,0.25,27,54,2.9899723529815674,0.0
1779528332.2054358,0.0,0.0,-0.1989675347273536,-0.0020777729190408684,0.0,0.0,-0.0396,1.4255999999999998,0.0,0.0,0.0,-0.2,0.0,0.0,-0.1989675347273536,-0.0020777729190408684,0.0,0.0,square,2,0.2,0.25,27,54,2.999972105026245,0.0
1779528332.2154114,0.0,0.0,-0.1989675347273536,-0.0020777729190408684,0.0,0.0,-0.0396,1.3464,0.0,0.0,0.0,-0.2,0.0,0.0,-0.1989675347273536,0.0,0.0,-0.0020777729190408684,square,2,0.2,0.25,27,54,3.0099942684173584,0.0
1779528332.2254288,0.0,0.0,-0.1989675347273536,0.0,0.0,-0.0020777729190408684,-0.1188,1.2672,-0.0396,0.0,0.0,-0.2,0.0,0.0,-0.1989675347273536,0.0,0.0,-0.0020777729190408684,square,2,0.2,0.25,27,54,3.019969940185547,0.0
1779528332.2354217,0.0,0.0,-0.1989675347273536,0.0,0.0,-0.0020777729190408684,-0.0792,1.3860000000000001,0.0,0.0,0.0,-0.2,0.0,0.0,-0.1989675347273536,0.0,0.0,0.0,square,2,0.2,0.25,27,54,3.029987335205078,0.0
1779528332.2453833,0.0,0.0,-0.1989675347273536,0.0,0.0,0.0,-0.0792,1.3860000000000001,0.1188,0.0,0.0,-0.2,0.0,0.0,-0.1989675347273536,-0.0020777729190408684,0.0,0.0020777729190408684,square,2,0.2,0.25,27,54,3.039980173110962,0.0
1779528332.2554224,0.0,0.0,-0.1989675347273536,-0.0020777729190408684,0.0,0.0020777729190408684,-0.0396,1.3860000000000001,0.0396,0.0,0.0,-0.2,0.0,0.0,-0.1989675347273536,0.0,0.0,0.0,square,2,0.2,0.25,27,54,3.0499417781829834,0.0
1779528332.2654126,0.0,0.0,-0.1989675347273536,0.0,0.0,0.0,-0.0396,1.3068,0.0396,0.0,0.0,-0.2,0.0,0.0,-0.1989675347273536,0.0,0.0,0.0,square,2,0.2,0.25,27,54,3.059980869293213,0.0
1779528332.2754147,0.0,0.0,-0.1989675347273536,0.0,0.0,0.0,-0.0396,1.2672,0.0396,0.0,0.0,-0.2,0.0,0.0,-0.1989675347273536,0.0,0.0,0.0,square,2,0.2,0.25,27,54,3.0699710845947266,0.0
1779528332.285413,0.0,0.0,-0.1989675347273536,0.0,0.0,0.0,0.0,1.2672,0.0396,0.0,0.0,-0.2,0.0,0.0,-0.1989675347273536,0.0,0.0,0.0,square,2,0.2,0.25,27,54,3.0799732208251953,0.0
1779528332.2954133,0.0,0.0,-0.1989675347273536,0.0,0.0,0.0,-0.0396,1.3860000000000001,0.0792,0.0,0.0,-0.2,0.0,0.0,-0.1989675347273536,0.0,0.0,0.0,square,2,0.2,0.25,27,54,3.0899715423583984,0.0
1779528332.3054113,0.0,0.0,-0.1989675347273536,0.0,0.0,0.0,-0.0792,1.4255999999999998,0.0,0.0,0.0,-0.2,0.0,0.0,-0.1989675347273536,0.0,0.0,0.0,square,2,0.2,0.25,27,54,3.0999717712402344,0.0
1779528332.315415,0.0,0.0,-0.1989675347273536,0.0,0.0,0.0,-0.1188,1.3068,0.1188,0.0,0.0,-0.2,0.0,0.0,-0.1989675347273536,0.0,0.0,0.0,square,2,0.2,0.25,27,54,3.1099698543548584,0.0
1779528332.3254502,0.0,0.0,-0.1989675347273536,0.0,0.0,0.0,-0.0792,1.3860000000000001,0.0396,0.0,0.0,-0.2,0.0,0.0,-0.1989675347273536,-0.0020777729190408684,0.0,0.0020777729190408684,square,2,0.2,0.25,27,54,3.1199734210968018,0.0
1779528332.3354094,0.0,0.0,-0.1989675347273536,-0.0020777729190408684,0.0,0.0020777729190408684,-0.0792,1.3068,0.0396,0.0,0.0,-0.2,0.0,0.0,-0.1989675347273536,0.0,0.0,0.0,square,2,0.2,0.25,27,54,3.1300086975097656,0.0
1779528332.3454468,0.0,0.0,-0.1989675347273536,0.0,0.0,0.0,0.1188,1.3068,-0.0396,0.0,0.0,-0.2,0.0,0.0,-0.1989675347273536,0.0,0.0,0.0,square,2,0.2,0.25,27,54,3.139967918395996,0.0
1779528332.3554144,0.0,0.0,-0.1989675347273536,0.0,0.0,0.0,0.1188,1.3068,-0.0396,0.0,0.0,-0.2,0.0,0.0,-0.1989675347273536,0.0020777729190408684,0.0,0.0,square,2,0.2,0.25,27,54,3.150005340576172,0.0
1779528332.3654156,0.0,0.0,-0.1989675347273536,0.0020777729190408684,0.0,0.0,-0.0792,1.3464,0.0792,0.0,0.0,-0.2,0.0,0.0,-0.1989675347273536,0.0,0.0,0.0,square,2,0.2,0.25,27,54,3.159972906112671,0.0
1779528332.3754103,0.0,0.0,-0.1989675347273536,0.0,0.0,0.0,-0.1188,1.2672,0.0,0.0,0.0,-0.2,0.0,0.0,-0.1989675347273536,0.0,0.0,0.0,square,2,0.2,0.25,27,54,3.1699740886688232,0.0
1779528332.3854327,0.0,0.0,-0.1989675347273536,0.0,0.0,0.0,-0.0792,1.3464,0.0396,0.0,0.0,-0.2,0.0,0.0,-0.1989675347273536,0.0,0.0,0.0,square,2,0.2,0.25,27,54,3.17996883392334,0.0
1779528332.395421,0.0,0.0,-0.1989675347273536,0.0,0.0,0.0,-0.0792,1.3464,0.1584,0.0,0.0,-0.2,0.0,0.0,-0.1989675347273536,0.0,0.0,0.0,square,2,0.2,0.25,27,54,3.1899912357330322,0.0
1779528332.4054365,0.0,0.0,-0.1989675347273536,0.0,0.0,0.0,0.1188,1.3860000000000001,0.0396,0.0,0.0,-0.2,0.0,0.0,-0.1989675347273536,0.0,0.0,0.0,square,2,0.2,0.25,27,54,3.199979543685913,0.0
1779528332.4154124,0.0,0.0,-0.1989675347273536,0.0,0.0,0.0,-0.1188,1.3860000000000001,0.0,0.0,0.0,-0.2,0.0,0.0,-0.1989675347273536,0.0,0.0,0.0,square,2,0.2,0.25,27,54,3.2099950313568115,0.0
1779528332.425412,0.0,0.0,-0.1989675347273536,0.0,0.0,0.0,-0.0396,1.4255999999999998,0.0396,0.0,0.0,-0.2,0.0,0.0,-0.1989675347273536,0.0,0.0020777729190408684,0.0,square,2,0.2,0.25,27,54,3.219970941543579,0.0
1779528332.435444,0.0,0.0,-0.1989675347273536,0.0,0.0020777729190408684,0.0,-0.0792,1.3068,0.0,0.0,0.0,-0.2,0.0,0.0,-0.1989675347273536,0.0020777729190408684,0.0,0.0,square,2,0.2,0.25,27,54,3.2299704551696777,0.0
1779528332.4454114,0.0,0.0,-0.1989675347273536,0.0020777729190408684,0.0,0.0,-0.0792,1.2672,0.0,0.0,0.0,-0.2,0.0,0.0,-0.1989675347273536,0.0020777729190408684,0.0,0.0,square,2,0.2,0.25,27,54,3.2400026321411133,0.0
1779528332.4554622,0.0,0.0,-0.1989675347273536,0.0020777729190408684,0.0,0.0,-0.0792,1.2672,0.0,0.0,0.0,-0.2,0.0,0.0,-0.1989675347273536,0.0,-0.0020777729190408684,0.0,square,2,0.2,0.25,27,54,3.249969959259033,0.0
1779528332.4654145,0.0,0.0,-0.1989675347273536,0.0,-0.0020777729190408684,0.0,-0.0792,1.4255999999999998,-0.0396,0.0,0.0,-0.2,0.0,0.0,-0.1989675347273536,0.0,0.0,0.0,square,2,0.2,0.25,27,54,3.2600207328796387,0.0
1779528332.4754107,0.0,0.0,-0.1989675347273536,0.0,0.0,0.0,-0.0396,1.3464,0.0,0.0,0.0,-0.2,0.0,0.0,-0.1989675347273536,0.0,0.0020777729190408684,0.0,square,2,0.2,0.25,27,54,3.269973039627075,0.0
1779528332.485411,0.0,0.0,-0.1989675347273536,0.0,0.0020777729190408684,0.0,-0.0396,1.3464,0.0396,0.0,0.0,-0.2,0.0,0.0,-0.1989675347273536,0.0,0.0,0.0,square,2,0.2,0.25,27,54,3.2799692153930664,0.0
1779528332.4954135,0.0,0.0,-0.1989675347273536,0.0,0.0,0.0,-0.0792,1.3860000000000001,0.0396,0.0,0.0,-0.2,0.0,0.0,-0.1989675347273536,0.0,0.0,0.0,square,2,0.2,0.25,27,54,3.2899694442749023,0.0
1779528332.505414,0.0,0.0,-0.1989675347273536,0.0,0.0,0.0,-0.0792,1.3860000000000001,0.1188,0.0,0.0,-0.2,0.0,0.0,-0.1989675347273536,0.0,0.0,0.0,square,2,0.2,0.25,27,54,3.2999720573425293,0.0
1779528332.5154498,0.0,0.0,-0.1989675347273536,0.0,0.0,0.0,-0.1188,1.3860000000000001,0.0792,0.0,0.0,-0.2,0.0,0.0,-0.1989675347273536,0.0,0.0020777729190408684,0.0,square,2,0.2,0.25,27,54,3.3099725246429443,0.0
1779528332.525413,0.0,0.0,-0.1989675347273536,0.0,0.0020777729190408684,0.0,-0.0396,1.3464,0.1584,0.0,0.0,-0.2,0.0,0.0,-0.1989675347273536,0.0,0.0,0.0,square,2,0.2,0.25,27,54,3.3200082778930664,0.0
1779528332.5354092,0.0,0.0,-0.1989675347273536,0.0,0.0,0.0,-0.0792,1.3860000000000001,0.198,0.0,0.0,-0.2,0.0,0.0,-0.1989675347273536,0.0,0.0,0.0,square,2,0.2,0.25,27,54,3.3299715518951416,0.0
1779528332.5454278,0.0,0.0,-0.1989675347273536,0.0,0.0,0.0,-0.0396,1.2672,0.0396,0.0,0.0,-0.2,0.0,0.0,-0.1989675347273536,0.0,0.0,0.0,square,2,0.2,0.25,27,54,3.339967727661133,0.0
1779528332.555417,0.0,0.0,-0.1989675347273536,0.0,0.0,0.0,-0.0792,1.4652,-0.0396,0.0,0.0,-0.2,0.0,0.0,-0.1989675347273536,0.0,0.0,0.0,square,2,0.2,0.25,27,54,3.3499863147735596,0.0
1779528332.5654125,0.0,0.0,-0.1989675347273536,0.0,0.0,0.0,-0.0792,1.3068,0.0396,0.0,0.0,-0.2,0.0,0.0,-0.1989675347273536,0.0,0.0,0.0,square,2,0.2,0.25,27,54,3.359975576400757,0.0
1779528332.5754137,0.0,0.0,-0.1989675347273536,0.0,0.0,0.0,-0.0792,1.4255999999999998,0.0,0.0,0.0,-0.2,0.0,0.0,-0.1989675347273536,0.0,-0.0020777729190408684,0.0020777729190408684,square,2,0.2,0.25,27,54,3.3699710369110107,0.0
1779528332.5854142,0.0,0.0,-0.1989675347273536,0.0,-0.0020777729190408684,0.0020777729190408684,-0.0396,1.3860000000000001,0.1188,0.0,0.0,-0.2,0.0,0.0,-0.1989675347273536,0.0,0.0,0.0,square,2,0.2,0.25,27,54,3.379972219467163,0.0
1779528332.5954206,0.0,0.0,-0.1989675347273536,0.0,0.0,0.0,-0.0396,1.3068,0.1188,0.0,0.0,-0.2,0.0,0.0,-0.1989675347273536,0.0,0.0,0.0,square,2,0.2,0.25,27,54,3.389972686767578,0.0
1779528332.6054149,0.0,0.0,-0.1989675347273536,0.0,0.0,0.0,-0.0396,1.2276,0.1584,0.0,0.0,-0.2,0.0,0.0,-0.1989675347273536,0.0,0.0,0.0020777729190408684,square,2,0.2,0.25,27,54,3.3999791145324707,0.0
1779528332.6154094,0.0,0.0,-0.1989675347273536,0.0,0.0,0.0020777729190408684,-0.1188,1.2672,0.0396,0.0,0.0,-0.2,0.0,0.0,-0.1989675347273536,0.0,0.0,0.0,square,2,0.2,0.25,27,54,3.409973382949829,0.0
1779528332.6254132,0.0,0.0,-0.1989675347273536,0.0,0.0,0.0,-0.0792,1.3860000000000001,0.0,0.0,0.0,-0.2,0.0,0.0,-0.1989675347273536,0.0,0.0020777729190408684,0.0,square,2,0.2,0.25,27,54,3.4199678897857666,0.0
1779528332.6354132,0.0,0.0,-0.1989675347273536,0.0,0.0020777729190408684,0.0,0.0,1.3860000000000001,-0.0396,0.0,0.0,-0.2,0.0,0.0,-0.1989675347273536,0.0,0.0,0.0,square,2,0.2,0.25,27,54,3.429971694946289,0.0
1779528332.6454265,0.0,0.0,-0.1989675347273536,0.0,0.0,0.0,-0.0396,1.4255999999999998,0.1188,0.0,0.0,-0.2,0.0,0.0,-0.1989675347273536,0.0,0.0,0.0,square,2,0.2,0.25,27,54,3.439971685409546,0.0
1779528332.6554403,0.0,0.0,-0.1989675347273536,0.0,0.0,0.0,-0.0396,1.2276,0.0396,0.0,0.0,-0.2,0.0,0.0,-0.1989675347273536,0.0,0.0,0.0,square,2,0.2,0.25,27,54,3.4499850273132324,0.0
1779528332.6654131,0.0,0.0,-0.1989675347273536,0.0,0.0,0.0,-0.0396,1.3464,0.0,0.0,0.0,-0.2,0.0,0.0,-0.1989675347273536,0.0,0.0,0.0,square,2,0.2,0.25,27,54,3.459998846054077,0.0
1779528332.675411,0.0,0.0,-0.1989675347273536,0.0,0.0,0.0,-0.0792,1.4255999999999998,0.0396,0.0,0.0,-0.2,0.0,0.0,-0.1989675347273536,0.0,0.0,0.0,square,2,0.2,0.25,27,54,3.4699716567993164,0.0
1779528332.6854188,0.0,0.0,-0.1989675347273536,0.0,0.0,0.0,-0.0792,1.3860000000000001,0.1584,0.0,0.0,-0.2,0.0,0.0,-0.1989675347273536,0.0,0.0020777729190408684,0.0,square,2,0.2,0.25,27,54,3.4799695014953613,0.0
1779528332.6954534,0.0,0.0,-0.1989675347273536,0.0,0.0020777729190408684,0.0,-0.0792,1.3464,0.0396,0.0,0.0,-0.2,0.0,0.0,-0.1989675347273536,0.0,0.0,0.0,square,2,0.2,0.25,27,54,3.4899773597717285,0.0
1779528332.7054179,0.0,0.0,-0.1989675347273536,0.0,0.0,0.0,-0.0792,1.3464,0.0792,0.0,0.0,-0.2,0.0,0.0,-0.1989675347273536,0.0020777729190408684,0.0,0.0,square,2,0.2,0.25,27,54,3.500011920928955,0.0
1779528332.715452,0.0,0.0,-0.1989675347273536,0.0020777729190408684,0.0,0.0,0.1188,1.3068,0.1584,0.0,0.0,-0.2,0.0,0.0,-0.1989675347273536,0.0,0.0,0.0,square,2,0.2,0.25,27,54,3.509976387023926,0.0
1779528332.7254143,0.0,0.0,-0.1989675347273536,0.0,0.0,0.0,-0.0792,1.3860000000000001,0.0,0.0,0.0,-0.2,0.0,0.0,-0.1989675347273536,0.0,0.0,0.0,square,2,0.2,0.25,27,54,3.520010471343994,0.0
1779528332.7354124,0.0,0.0,-0.1989675347273536,0.0,0.0,0.0,-0.0792,1.3860000000000001,0.1584,0.0,0.0,-0.2,0.0,0.0,-0.1989675347273536,0.0,0.0,0.0,square,2,0.2,0.25,27,54,3.529972791671753,0.0
1779528332.7454152,0.0,0.0,-0.1989675347273536,0.0,0.0,0.0,-0.0396,1.2672,-0.0396,0.0,0.0,-0.2,0.0,0.0,-0.1989675347273536,-0.0020777729190408684,0.0,0.0,square,2,0.2,0.25,27,54,3.539970874786377,0.0
1779528332.75541,0.0,0.0,-0.1989675347273536,-0.0020777729190408684,0.0,0.0,-0.0396,1.3068,0.0,0.0,0.0,-0.2,0.0,0.0,-0.1989675347273536,0.0,0.0,0.0,square,2,0.2,0.25,27,54,3.549973726272583,0.0
1779528332.7654111,0.0,0.0,-0.1989675347273536,0.0,0.0,0.0,0.0,1.2672,0.198,0.0,0.0,-0.2,0.0,0.0,-0.1989675347273536,0.0,0.0,0.0,square,2,0.2,0.25,27,54,3.5599684715270996,0.0
1779528332.775415,0.0,0.0,-0.1989675347273536,0.0,0.0,0.0,-0.0396,1.3464,0.198,0.0,0.0,-0.2,0.0,0.0,-0.1989675347273536,0.0,0.0,0.0,square,2,0.2,0.25,27,54,3.569969654083252,0.0
1779528332.7854142,0.0,0.0,-0.1989675347273536,0.0,0.0,0.0,-0.0396,1.3860000000000001,0.0792,0.0,0.0,-0.2,0.0,0.0,-0.1989675347273536,0.0,0.0,0.0,square,2,0.2,0.25,27,54,3.5799734592437744,0.0
1779528332.7954137,0.0,0.0,-0.1989675347273536,0.0,0.0,0.0,-0.0792,1.3860000000000001,0.1188,0.0,0.0,-0.2,0.0,0.0,-0.1989675347273536,0.0,0.0,0.0,square,2,0.2,0.25,27,54,3.589972734451294,0.0
1779528332.8054132,0.0,0.0,-0.1989675347273536,0.0,0.0,0.0,-0.0792,1.3464,-0.0396,0.0,0.0,-0.2,0.0,0.0,-0.1989675347273536,0.0,0.0,0.0,square,2,0.2,0.25,27,54,3.5999722480773926,0.0
1779528332.8154197,0.0,0.0,-0.1989675347273536,0.0,0.0,0.0,-0.0396,1.3464,0.0792,0.0,0.0,-0.2,0.0,0.0,-0.1989675347273536,0.0,0.0,0.0,square,2,0.2,0.25,27,54,3.609971761703491,0.0
1779528332.825412,0.0,0.0,-0.1989675347273536,0.0,0.0,0.0,-0.0396,1.4255999999999998,0.0,0.0,0.0,-0.2,0.0,0.0,-0.1989675347273536,-0.004155545838081737,0.0,0.0,square,2,0.2,0.25,27,54,3.619978189468384,0.0
1779528332.835411,0.0,0.0,-0.1989675347273536,-0.004155545838081737,0.0,0.0,0.0396,1.3860000000000001,0.1584,0.0,0.0,-0.2,0.0,0.0,-0.1989675347273536,0.0,0.0,0.0,square,2,0.2,0.25,27,54,3.6299705505371094,0.0
1779528332.8454075,0.0,0.0,-0.1989675347273536,0.0,0.0,0.0,-0.0792,1.3068,0.0396,0.0,0.0,-0.2,0.0,0.0,-0.1989675347273536,0.0,0.0020777729190408684,0.0,square,2,0.2,0.25,27,54,3.63996958732605,0.0
1779528332.8554115,0.0,0.0,-0.1989675347273536,0.0,0.0020777729190408684,0.0,-0.1188,1.2276,0.0396,0.0,0.0,-0.2,0.0,0.0,-0.1989675347273536,0.0,0.0,0.0,square,2,0.2,0.25,27,54,3.64996600151062,0.0
1779528332.8654149,0.0,0.0,-0.1989675347273536,0.0,0.0,0.0,-0.0792,1.2672,0.0792,0.0,0.0,-0.2,0.0,0.0,-0.1989675347273536,0.0020777729190408684,0.0,0.0,square,2,0.2,0.25,27,54,3.6599700450897217,0.0
1779528332.875759,0.0,0.0,-0.1989675347273536,0.0020777729190408684,0.0,0.0,0.1188,1.3068,0.0,0.0,0.0,-0.2,0.0,0.0,-0.1989675347273536,0.0,0.0,0.0,square,2,0.2,0.25,27,54,3.669973373413086,0.0
1779528332.8854146,0.0,0.0,-0.1989675347273536,0.0,0.0,0.0,-0.0792,1.3860000000000001,0.0,0.0,0.0,-0.2,0.0,0.0,-0.1989675347273536,0.0,0.0,0.0,square,2,0.2,0.25,27,54,3.6803174018859863,0.0
1779528332.8954113,0.0,0.0,-0.1989675347273536,0.0,0.0,0.0,-0.0792,1.3464,0.1584,0.0,0.0,-0.2,0.0,0.0,-0.1989675347273536,0.0,0.0,0.0020777729190408684,square,2,0.2,0.25,27,54,3.6899731159210205,0.0
1779528332.9054084,0.0,0.0,-0.1989675347273536,0.0,0.0,0.0020777729190408684,-0.1188,1.3068,0.0396,0.0,0.0,-0.2,0.0,0.0,-0.1989675347273536,0.0,0.0,0.0,square,2,0.2,0.25,27,54,3.69996976852417,0.0
1779528332.9154103,0.0,0.0,-0.1989675347273536,0.0,0.0,0.0,0.0,1.3068,0.0,0.0,0.0,-0.2,0.0,0.0,-0.1989675347273536,0.0,0.0,0.0,square,2,0.2,0.25,27,54,3.7099668979644775,0.0
1779528332.9254138,0.0,0.0,-0.1989675347273536,0.0,0.0,0.0,-0.0792,1.3464,0.0396,0.0,0.0,-0.2,0.0,0.0,-0.1989675347273536,0.0,0.0,0.0,square,2,0.2,0.25,27,54,3.719968795776367,0.0
1779528332.9354088,0.0,0.0,-0.1989675347273536,0.0,0.0,0.0,-0.0792,1.2672,0.0792,0.0,0.0,-0.2,0.0,0.0,-0.1989675347273536,0.0,0.0,0.0,square,2,0.2,0.25,27,54,3.7299723625183105,0.0
1779528332.945416,0.0,0.0,-0.1989675347273536,0.0,0.0,0.0,-0.0396,1.2672,0.1188,0.0,0.0,-0.2,0.0,0.0,-0.1989675347273536,0.0,0.0,0.0,square,2,0.2,0.25,27,54,3.7399673461914062,0.0
1779528332.955415,0.0,0.0,-0.1989675347273536,0.0,0.0,0.0,-0.0792,1.3464,0.0396,0.0,0.0,-0.2,0.0,0.0,-0.1989675347273536,0.0,0.0,0.0,square,2,0.2,0.25,27,54,3.749974489212036,0.0
1779528332.9654098,0.0,0.0,-0.1989675347273536,0.0,0.0,0.0,-0.0396,1.3464,0.1188,0.0,0.0,-0.2,0.0,0.0,-0.1989675347273536,0.0,0.0,0.0,square,2,0.2,0.25,27,54,3.7599735260009766,0.0
1779528332.9754124,0.0,0.0,-0.1989675347273536,0.0,0.0,0.0,-0.0792,1.3068,0.2376,0.0,0.0,-0.2,0.0,0.0,-0.1989675347273536,0.0,0.0020777729190408684,0.0,square,2,0.2,0.25,27,54,3.769968271255493,0.0
1779528332.985421,0.0,0.0,-0.1989675347273536,0.0,0.0020777729190408684,0.0,-0.1188,1.2276,0.0396,0.0,0.0,-0.2,0.0,0.0,-0.1989675347273536,0.0,0.0,0.0,square,2,0.2,0.25,27,54,3.77997088432312,0.0
1779528332.9954102,0.0,0.0,-0.1989675347273536,0.0,0.0,0.0,-0.1188,1.2276,0.1188,0.0,0.0,-0.2,0.0,0.0,-0.1989675347273536,0.0,0.0,0.0,square,2,0.2,0.25,27,54,3.7899794578552246,0.0
1779528333.0054169,0.0,0.0,-0.1989675347273536,0.0,0.0,0.0,-0.0396,1.2672,0.0792,0.0,0.0,-0.2,0.0,0.0,-0.1989675347273536,0.0020777729190408684,0.0,0.0,square,2,0.2,0.25,27,54,3.799968719482422,0.0
1779528333.0154107,0.0,0.0,-0.1989675347273536,0.0020777729190408684,0.0,0.0,-0.0396,1.3068,0.0396,0.0,0.0,-0.2,0.0,0.0,-0.1989675347273536,0.0,0.0,0.0,square,2,0.2,0.25,27,54,3.8099753856658936,0.0
1779528333.0255322,0.0,0.0,-0.1989675347273536,0.0,0.0,0.0,-0.0792,1.3464,0.0,0.0,0.0,-0.2,0.0,0.0,-0.1989675347273536,0.0,0.0,0.0,square,2,0.2,0.25,27,54,3.8199691772460938,0.0
1779528333.0354118,0.0,0.0,-0.1989675347273536,0.0,0.0,0.0,-0.0396,1.2672,0.1188,0.0,0.0,-0.2,0.0,0.0,-0.1989675347273536,0.0,0.0,-0.0020777729190408684,square,2,0.2,0.25,27,54,3.8300907611846924,0.0
1779528333.0454137,0.0,0.0,-0.1989675347273536,0.0,0.0,-0.0020777729190408684,-0.0396,1.3860000000000001,0.0396,0.0,0.0,-0.2,0.0,0.0,-0.1989675347273536,0.0,0.0,0.0,square,2,0.2,0.25,27,54,3.839970350265503,0.0
1779528333.055415,0.0,0.0,-0.1989675347273536,0.0,0.0,0.0,-0.0396,1.2276,0.1188,0.0,0.0,-0.2,0.0,0.0,-0.1989675347273536,0.0,0.0,0.0,square,2,0.2,0.25,27,54,3.8499722480773926,0.0
1779528333.0654106,0.0,0.0,-0.1989675347273536,0.0,0.0,0.0,-0.1188,1.3464,0.1188,0.0,0.0,-0.2,0.0,0.0,-0.1989675347273536,-0.0020777729190408684,0.0,0.0,square,2,0.2,0.25,27,54,3.859973430633545,0.0
1779528333.0754113,0.0,0.0,-0.1989675347273536,-0.0020777729190408684,0.0,0.0,-0.1188,1.2672,0.0792,0.0,0.0,-0.2,0.0,0.0,-0.1989675347273536,0.0,0.0,0.0,square,2,0.2,0.25,27,54,3.869969129562378,0.0
1779528333.0854142,0.0,0.0,-0.1989675347273536,0.0,0.0,0.0,-0.0792,1.4255999999999998,0.0792,0.0,0.0,-0.2,0.0,0.0,-0.1989675347273536,0.0,0.0,-0.0020777729190408684,square,2,0.2,0.25,27,54,3.879969835281372,0.0
1779528333.0954182,0.0,0.0,-0.1989675347273536,0.0,0.0,-0.0020777729190408684,-0.0792,1.3860000000000001,0.1188,0.0,0.0,-0.2,0.0,0.0,-0.1989675347273536,0.0,0.0,0.0,square,2,0.2,0.25,27,54,3.889972686767578,0.0
1779528333.105414,0.0,0.0,-0.1989675347273536,0.0,0.0,0.0,-0.0792,1.2672,0.0792,0.0,0.0,-0.2,0.0,0.0,-0.1989675347273536,0.0,0.0,0.0,square,2,0.2,0.25,27,54,3.8999767303466797,0.0
1779528333.115433,0.0,0.0,-0.1989675347273536,0.0,0.0,0.0,-0.1188,1.2276,0.1188,0.0,0.0,-0.2,0.0,0.0,-0.1989675347273536,0.0,0.0,0.0,square,2,0.2,0.25,27,54,3.9099724292755127,0.0
1779528333.1253834,0.0,0.0,-0.1989675347273536,0.0,0.0,0.0,-0.0792,1.3068,0.1584,0.0,0.0,-0.2,0.0,0.0,-0.1989675347273536,0.0,0.0,0.0,square,2,0.2,0.25,27,54,3.9199914932250977,0.0
1779528333.1354098,0.0,0.0,-0.1989675347273536,0.0,0.0,0.0,-0.1188,1.3464,0.0396,0.0,0.0,-0.2,0.0,0.0,-0.1989675347273536,0.0,0.0,0.0,square,2,0.2,0.25,27,54,3.9299418926239014,0.0
1779528333.1454144,0.0,0.0,-0.1989675347273536,0.0,0.0,0.0,-0.0792,1.3464,0.1584,0.0,0.0,-0.2,0.0,0.0,-0.1989675347273536,0.0,0.0,0.0,square,2,0.2,0.25,27,54,3.9399683475494385,0.0
1779528333.155416,0.0,0.0,-0.1989675347273536,0.0,0.0,0.0,-0.0792,1.2672,0.1584,0.0,0.0,-0.2,0.0,0.0,-0.1989675347273536,0.0,0.0,0.0,square,2,0.2,0.25,27,54,3.9499728679656982,0.0
1779528333.1654108,0.0,0.0,-0.1989675347273536,0.0,0.0,0.0,-0.0396,1.4255999999999998,0.1584,0.0,0.0,-0.2,0.0,0.0,-0.1989675347273536,0.0,0.0,0.0,square,2,0.2,0.25,27,54,3.959974527359009,0.0
1779528333.1754127,0.0,0.0,-0.1989675347273536,0.0,0.0,0.0,0.0,1.4255999999999998,0.1584,0.0,0.0,-0.2,0.0,0.0,-0.1989675347273536,0.0,0.0,0.0,square,2,0.2,0.25,27,54,3.9699692726135254,0.0
1779528333.1854162,0.0,0.0,-0.1989675347273536,0.0,0.0,0.0,-0.0396,1.3860000000000001,0.1584,0.0,0.0,-0.2,0.0,0.0,-0.1989675347273536,0.0,0.004155545838081737,0.0020777729190408684,square,2,0.2,0.25,27,54,3.979971170425415,0.0
1779528333.1954093,0.0,0.0,-0.1989675347273536,0.0,0.004155545838081737,0.0020777729190408684,-0.0792,1.3464,0.1188,0.0,0.0,-0.2,0.0,0.0,-0.1989675347273536,0.0,0.0,0.0,square,2,0.2,0.25,27,54,3.9899747371673584,0.0
1779528333.205513,0.0,0.0,-0.1989675347273536,0.0,0.0,0.0,-0.1188,1.3464,0.1584,0.0,0.0,-0.2,0.0,0.0,-0.1989675347273536,0.0,-0.0020777729190408684,0.0,square,2,0.2,0.25,27,54,3.9999678134918213,0.0
1779528333.2154138,0.0,0.0,-0.1989675347273536,0.0,-0.0020777729190408684,0.0,0.0,1.4652,0.0,0.0,0.0,0.2,0.0,0.0,-0.1989675347273536,0.0,0.0,-0.0020777729190408684,square,2,0.2,0.25,27,54,4.010071516036987,0.0
1779528333.2253828,0.0,0.0,-0.1989675347273536,0.0,0.0,-0.0020777729190408684,0.0,1.3464,0.1188,0.0,0.0,0.2,0.0,0.0,-0.1989675347273536,0.0020777729190408684,0.0,0.004155545838081737,square,2,0.2,0.25,27,54,4.019972324371338,0.0
1779528333.2354476,0.0,0.0,-0.1989675347273536,0.0020777729190408684,0.0,0.004155545838081737,0.1584,2.4948,4.2768,0.0,0.0,0.2,0.0,0.0,-0.18151424220741028,0.0020777729190408684,0.0020777729190408684,1.4274299953810765,square,2,0.2,0.25,27,54,4.0299413204193115,0.0
1779528333.2454114,0.0,0.0,-0.18151424220741028,0.0020777729190408684,0.0020777729190408684,1.4274299953810765,-0.8712,0.3168,1.5444,0.0,0.0,0.2,0.0,0.0,-0.1518436449235067,0.0020777729190408684,0.004155545838081737,2.8153823053003766,square,2,0.2,0.25,27,54,4.040006160736084,0.0
1779528333.255412,0.0,0.0,-0.1518436449235067,0.0020777729190408684,0.004155545838081737,2.8153823053003766,-0.35639999999999994,1.1880000000000002,6.1776,0.0,0.0,0.2,0.0,0.0,-0.10821041362364843,0.0,0.0,4.037112781696408,square,2,0.2,0.25,27,54,4.049969911575317,0.0
1779528333.2654116,0.0,0.0,-0.10821041362364843,0.0,0.0,4.037112781696408,-0.198,1.2672,0.3168,0.0,0.0,0.2,0.0,0.0,-0.061086523819801536,-0.004155545838081737,0.0,4.583567059404156,square,2,0.2,0.25,27,54,4.0599706172943115,0.0
1779528333.2754133,0.0,0.0,-0.061086523819801536,-0.004155545838081737,0.0,4.583567059404156,-0.198,1.2276,-0.2376,0.0,0.0,0.2,0.0,0.0,-0.015707963267948967,-0.0020777729190408684,-0.0020777729190408684,4.479678413452112,square,2,0.2,0.25,27,54,4.06997013092041,0.0
1779528333.2854135,0.0,0.0,-0.015707963267948967,-0.0020777729190408684,-0.0020777729190408684,4.479678413452112,0.0396,1.8215999999999999,-2.7720000000000002,0.0,0.0,0.2,0.0,0.0,0.019198621771937627,0.0,0.0,3.8251799439542387,square,2,0.2,0.25,27,54,4.079971790313721,0.0
1779528333.2954144,0.0,0.0,0.019198621771937627,0.0,0.0,3.8251799439542387,0.0,1.3860000000000001,-0.1584,0.0,0.0,0.2,0.0,0.0,0.050614548307835565,0.0020777729190408684,0.0,3.2621034828941635,square,2,0.2,0.25,27,54,4.089972019195557,0.0
1779528333.305412,0.0,0.0,0.050614548307835565,0.0020777729190408684,0.0,3.2621034828941635,-0.1584,1.584,-0.35639999999999994,0.0,0.0,0.2,0.0,0.0,0.07853981633974483,0.0020777729190408684,0.0,2.809148986543254,square,2,0.2,0.25,27,54,4.09997296333313,0.0
1779528333.3154147,0.0,0.0,0.07853981633974483,0.0020777729190408684,0.0,2.809148986543254,-0.198,1.5048000000000001,-1.3860000000000001,0.0,0.0,0.2,0.0,0.0,0.10122909661567113,0.0,0.0,2.3458056255971402,square,2,0.2,0.25,27,54,4.109970569610596,0.0
1779528333.3254135,0.0,0.0,0.10122909661567113,0.0,0.0,2.3458056255971402,-0.1584,1.584,0.0396,0.0,0.0,0.2,0.0,0.0,0.11868238913561442,0.0,0.0,1.9614176355745798,square,2,0.2,0.25,27,54,4.119973182678223,0.0
1779528333.3354094,0.0,0.0,0.11868238913561442,0.0,0.0,1.9614176355745798,-0.1584,1.3860000000000001,-0.3168,0.0,0.0,0.2,0.0,0.0,0.1343903524035634,0.0,-0.0020777729190408684,1.6227406497709183,square,2,0.2,0.25,27,54,4.129971981048584,0.0
1779528333.3454113,0.0,0.0,0.1343903524035634,0.0,-0.0020777729190408684,1.6227406497709183,-0.1188,1.584,-0.0396,0.0,0.0,0.2,0.0,0.0,0.1466076571675237,0.0,0.0,1.3443190786194419,square,2,0.2,0.25,27,54,4.139967918395996,0.0
1779528333.3554132,0.0,0.0,0.1466076571675237,0.0,0.0,1.3443190786194419,-0.0792,1.4652,-0.0396,0.0,0.0,0.2,0.0,0.0,0.15707963267948966,0.0,0.0,1.1074529658487828,square,2,0.2,0.25,27,54,4.149969816207886,0.0
1779528333.365437,0.0,0.0,0.15707963267948966,0.0,0.0,1.1074529658487828,-0.0792,1.3860000000000001,0.1584,0.0,0.0,0.2,0.0,0.0,0.1658062789394613,0.0,0.0,0.9038312197827777,square,2,0.2,0.25,27,54,4.159971714019775,0.0
1779528333.3754137,0.0,0.0,0.1658062789394613,0.0,0.0,0.9038312197827777,-0.0792,1.5444,0.198,0.0,0.0,0.2,0.0,0.0,0.17278759594743864,-0.0020777729190408684,0.0,0.7334538404214266,square,2,0.2,0.25,27,54,4.169995546340942,0.0
1779528333.3854144,0.0,0.0,0.17278759594743864,-0.0020777729190408684,0.0,0.7334538404214266,-0.0396,1.4652,-0.35639999999999994,0.0,0.0,0.2,0.0,0.0,0.17976891295541597,0.0,0.0,0.5880097360885658,square,2,0.2,0.25,27,54,4.179972171783447,0.0
1779528333.3954153,0.0,0.0,0.17976891295541597,0.0,0.0,0.5880097360885658,-0.0396,1.5048000000000001,0.4356,0.0,0.0,0.2,0.0,0.0,0.1832595714594046,0.0,0.0,0.47788777137939975,square,2,0.2,0.25,27,54,4.189972877502441,0.0
1779528333.4054098,0.0,0.0,0.1832595714594046,0.0,0.0,0.47788777137939975,-0.0396,1.584,0.27720000000000006,0.0,0.0,0.2,0.0,0.0,0.1867502299633933,0.0,0.0,0.38023244418447893,square,2,0.2,0.25,27,54,4.199973821640015,0.0
1779528333.4154098,0.0,0.0,0.1867502299633933,0.0,0.0,0.38023244418447893,-0.0792,1.4255999999999998,-0.1584,0.0,0.0,0.2,0.0,0.0,0.19024088846738194,0.0,0.0,0.299199300341885,square,2,0.2,0.25,27,54,4.209968328475952,0.0
1779528333.425414,0.0,0.0,0.19024088846738194,0.0,0.0,0.299199300341885,-0.1188,1.3464,0.198,0.0,0.0,0.2,0.0,0.0,0.19198621771937624,0.0020777729190408684,0.0,0.23894388568969988,square,2,0.2,0.25,27,54,4.219968318939209,0.0
1779528333.4354124,0.0,0.0,0.19198621771937624,0.0020777729190408684,0.0,0.23894388568969988,0.1188,1.5048000000000001,0.6732,0.0,0.0,0.2,0.0,0.0,0.1937315469713706,0.0,0.0,0.19531065438984163,square,2,0.2,0.25,27,54,4.22997260093689,0.0
1779528333.445408,0.0,0.0,0.1937315469713706,0.0,0.0,0.19531065438984163,-0.1188,1.584,0.35639999999999994,0.0,0.0,0.2,0.0,0.0,0.1954768762233649,0.0,0.0,0.14752187725190166,square,2,0.2,0.25,27,54,4.239970922470093,0.0
1779528333.4554124,0.0,0.0,0.1954768762233649,0.0,0.0,0.14752187725190166,-0.0396,1.5444,0.4752,0.0,0.0,0.2,0.0,0.0,0.1954768762233649,0.0020777729190408684,0.0,0.10804419179012516,square,2,0.2,0.25,27,54,4.249966621398926,0.0
1779528333.4654412,0.0,0.0,0.1954768762233649,0.0020777729190408684,0.0,0.10804419179012516,-0.0792,1.4255999999999998,0.5544000000000001,0.0,0.0,0.2,0.0,0.0,0.19722220547535924,0.0,0.0,0.0851886896806756,square,2,0.2,0.25,27,54,4.2599709033966064,0.0
1779528333.4754078,0.0,0.0,0.19722220547535924,0.0,0.0,0.0851886896806756,-0.0792,1.5048000000000001,0.4356,0.0,0.0,0.2,0.0,0.0,0.19722220547535924,0.0,0.0,0.05194432297602171,square,2,0.2,0.25,27,54,4.269999742507935,0.0
1779528333.4854155,0.0,0.0,0.19722220547535924,0.0,0.0,0.05194432297602171,-0.0396,1.584,0.8316,0.0,0.0,0.2,0.0,0.0,0.1989675347273536,0.0,0.0020777729190408684,0.06233318757122605,square,2,0.2,0.25,27,54,4.279966354370117,0.0
1779528333.4954126,0.0,0.0,0.1989675347273536,0.0,0.0020777729190408684,0.06233318757122605,-0.0792,1.584,-0.0792,0.0,0.0,0.2,0.0,0.0,0.1989675347273536,0.0,0.0,0.031166593785613025,square,2,0.2,0.25,27,54,4.289973974227905,0.0
1779528333.5054073,0.0,0.0,0.1989675347273536,0.0,0.0,0.031166593785613025,-0.0792,1.4652,0.35639999999999994,0.0,0.0,0.2,0.0,0.0,0.1989675347273536,0.0,0.0,0.035322139623694765,square,2,0.2,0.25,27,54,4.299971103668213,0.0
1779528333.5154142,0.0,0.0,0.1989675347273536,0.0,0.0,0.035322139623694765,-0.0792,1.5048000000000001,-0.0792,0.0,0.0,0.2,0.0,0.0,0.1989675347273536,0.0020777729190408684,0.0,0.029088820866572156,square,2,0.2,0.25,27,54,4.3099658489227295,0.0
1779528333.525421,0.0,0.0,0.1989675347273536,0.0020777729190408684,0.0,0.029088820866572156,-0.0396,1.5444,0.0,0.0,0.0,0.2,0.0,0.0,0.1989675347273536,0.0,0.0,0.016622183352326948,square,2,0.2,0.25,27,54,4.31997275352478,0.0
1779528333.5354178,0.0,0.0,0.1989675347273536,0.0,0.0,0.016622183352326948,-0.1188,1.584,0.0,0.0,0.0,0.2,0.0,0.0,0.1989675347273536,0.0,0.0,0.008311091676163474,square,2,0.2,0.25,27,54,4.329979419708252,0.0
1779528333.5454173,0.0,0.0,0.1989675347273536,0.0,0.0,0.008311091676163474,-0.1188,1.5048000000000001,0.0396,0.0,0.0,0.2,0.0,0.0,0.1989675347273536,0.0,0.0,0.004155545838081737,square,2,0.2,0.25,27,54,4.3399763107299805,0.0
1779528333.5554118,0.0,0.0,0.1989675347273536,0.0,0.0,0.004155545838081737,-0.0396,1.584,0.0,0.0,0.0,0.2,0.0,0.0,0.1989675347273536,0.0,-0.0020777729190408684,0.0020777729190408684,square,2,0.2,0.25,27,54,4.349975824356079,0.0
1779528333.565417,0.0,0.0,0.1989675347273536,0.0,-0.0020777729190408684,0.0020777729190408684,-0.0396,1.6236000000000002,0.0,0.0,0.0,0.2,0.0,0.0,0.1989675347273536,-0.0020777729190408684,-0.0020777729190408684,0.0,square,2,0.2,0.25,27,54,4.359970331192017,0.0
1779528333.5754156,0.0,0.0,0.1989675347273536,-0.0020777729190408684,-0.0020777729190408684,0.0,-0.0396,1.5444,0.0792,0.0,0.0,0.2,0.0,0.0,0.1989675347273536,0.0,0.0,0.0,square,2,0.2,0.25,27,54,4.369975566864014,0.0
1779528333.585414,0.0,0.0,0.1989675347273536,0.0,0.0,0.0,-0.0396,1.6236000000000002,0.0,0.0,0.0,0.2,0.0,0.0,0.1989675347273536,0.0,0.0,0.0,square,2,0.2,0.25,27,54,4.379974126815796,0.0
1779528333.5954583,0.0,0.0,0.1989675347273536,0.0,0.0,0.0,-0.1584,1.7028,-0.0792,0.0,0.0,0.2,0.0,0.0,0.1989675347273536,0.0,0.0,-0.0020777729190408684,square,2,0.2,0.25,27,54,4.389972448348999,0.0
1779528333.6053834,0.0,0.0,0.1989675347273536,0.0,0.0,-0.0020777729190408684,-0.1188,1.5048000000000001,0.0,0.0,0.0,0.2,0.0,0.0,0.1989675347273536,0.0,0.0,0.0,square,2,0.2,0.25,27,54,4.400016784667969,0.0
1779528333.6154191,0.0,0.0,0.1989675347273536,0.0,0.0,0.0,-0.1188,1.5048000000000001,0.0792,0.0,0.0,0.2,0.0,0.0,0.1989675347273536,0.0020777729190408684,0.0,0.0,square,2,0.2,0.25,27,54,4.409941911697388,0.0
1779528333.6254127,0.0,0.0,0.1989675347273536,0.0020777729190408684,0.0,0.0,0.1584,1.6236000000000002,-0.0396,0.0,0.0,0.2,0.0,0.0,0.1989675347273536,0.0,0.0,-0.0020777729190408684,square,2,0.2,0.25,27,54,4.41997766494751,0.0
1779528333.6354165,0.0,0.0,0.1989675347273536,0.0,0.0,-0.0020777729190408684,-0.1188,1.5048000000000001,0.0,0.0,0.0,0.2,0.0,0.0,0.1989675347273536,0.0,0.0,0.0,square,2,0.2,0.25,27,54,4.429971218109131,0.0
1779528333.645433,0.0,0.0,0.1989675347273536,0.0,0.0,0.0,-0.1188,1.584,0.0,0.0,0.0,0.2,0.0,0.0,0.1989675347273536,0.0,0.0,0.0,square,2,0.2,0.25,27,54,4.439975023269653,0.0
1779528333.655414,0.0,0.0,0.1989675347273536,0.0,0.0,0.0,-0.0792,1.584,-0.1188,0.0,0.0,0.2,0.0,0.0,0.1989675347273536,-0.0020777729190408684,0.0,-0.0020777729190408684,square,2,0.2,0.25,27,54,4.449991464614868,0.0
1779528333.665414,0.0,0.0,0.1989675347273536,-0.0020777729190408684,0.0,-0.0020777729190408684,0.0,1.584,-0.1584,0.0,0.0,0.2,0.0,0.0,0.1989675347273536,0.0,0.0,-0.0020777729190408684,square,2,0.2,0.25,27,54,4.459972620010376,0.0
1779528333.6754477,0.0,0.0,0.1989675347273536,0.0,0.0,-0.0020777729190408684,0.0,1.4652,-0.198,0.0,0.0,0.2,0.0,0.0,0.1989675347273536,0.0,0.0,-0.0020777729190408684,square,2,0.2,0.25,27,54,4.469972610473633,0.0
1779528333.6854491,0.0,0.0,0.1989675347273536,0.0,0.0,-0.0020777729190408684,0.0,1.6632,-0.0396,0.0,0.0,0.2,0.0,0.0,0.1989675347273536,0.0,-0.0020777729190408684,0.0,square,2,0.2,0.25,27,54,4.480006217956543,0.0
1779528333.695412,0.0,0.0,0.1989675347273536,0.0,-0.0020777729190408684,0.0,-0.0792,1.6632,0.1188,0.0,0.0,0.2,0.0,0.0,0.1989675347273536,0.0,0.0,0.0,square,2,0.2,0.25,27,54,4.490007638931274,0.0
1779528333.7054098,0.0,0.0,0.1989675347273536,0.0,0.0,0.0,-0.1188,1.6236000000000002,0.198,0.0,0.0,0.2,0.0,0.0,0.1989675347273536,0.0,0.0,0.0,square,2,0.2,0.25,27,54,4.499970436096191,0.0
1779528333.7154133,0.0,0.0,0.1989675347273536,0.0,0.0,0.0,-0.1188,1.5444,0.2376,0.0,0.0,0.2,0.0,0.0,0.1989675347273536,0.0,0.0,0.0,square,2,0.2,0.25,27,54,4.509968280792236,0.0
1779528333.7254105,0.0,0.0,0.1989675347273536,0.0,0.0,0.0,-0.198,1.6236000000000002,0.27720000000000006,0.0,0.0,0.2,0.0,0.0,0.1989675347273536,0.0,-0.0020777729190408684,0.0,square,2,0.2,0.25,27,54,4.51997184753418,0.0
1779528333.7354105,0.0,0.0,0.1989675347273536,0.0,-0.0020777729190408684,0.0,0.1584,1.6236000000000002,0.2376,0.0,0.0,0.2,0.0,0.0,0.1989675347273536,0.0,0.0,0.0,square,2,0.2,0.25,27,54,4.529968976974487,0.0
1779528333.7454257,0.0,0.0,0.1989675347273536,0.0,0.0,0.0,-0.0792,1.5444,0.1584,0.0,0.0,0.2,0.0,0.0,0.1989675347273536,0.0,0.0,0.0,square,2,0.2,0.25,27,54,4.539968967437744,0.0
1779528333.7554517,0.0,0.0,0.1989675347273536,0.0,0.0,0.0,-0.0792,1.7424,-0.27720000000000006,0.0,0.0,0.2,0.0,0.0,0.1989675347273536,0.0,0.0,-0.0020777729190408684,square,2,0.2,0.25,27,54,4.5499842166900635,0.0
1779528333.7654102,0.0,0.0,0.1989675347273536,0.0,0.0,-0.0020777729190408684,-0.0396,1.7028,0.1584,0.0,0.0,0.2,0.0,0.0,0.1989675347273536,0.0,0.0,0.0,square,2,0.2,0.25,27,54,4.560010194778442,0.0
1779528333.7754133,0.0,0.0,0.1989675347273536,0.0,0.0,0.0,-0.0792,1.6632,0.3168,0.0,0.0,0.2,0.0,0.0,0.1989675347273536,-0.0020777729190408684,0.0,0.0,square,2,0.2,0.25,27,54,4.5699687004089355,0.0
1779528333.7854419,0.0,0.0,0.1989675347273536,-0.0020777729190408684,0.0,0.0,-0.0396,1.6236000000000002,-0.2376,0.0,0.0,0.2,0.0,0.0,0.1989675347273536,0.0,0.0,0.0,square,2,0.2,0.25,27,54,4.579971790313721,0.0
1779528333.7954423,0.0,0.0,0.1989675347273536,0.0,0.0,0.0,-0.0396,1.6236000000000002,-0.27720000000000006,0.0,0.0,0.2,0.0,0.0,0.1989675347273536,0.0,0.0,0.0,square,2,0.2,0.25,27,54,4.59000039100647,0.0
1779528333.8054597,0.0,0.0,0.1989675347273536,0.0,0.0,0.0,-0.0396,1.782,-0.198,0.0,0.0,0.2,0.0,0.0,0.1989675347273536,0.0,0.0,0.0,square,2,0.2,0.25,27,54,4.600000858306885,0.0
1779528333.8154166,0.0,0.0,0.1989675347273536,0.0,0.0,0.0,-0.0792,1.5444,-0.27720000000000006,0.0,0.0,0.2,0.0,0.0,0.1989675347273536,0.0,0.0,0.0,square,2,0.2,0.25,27,54,4.610018253326416,0.0
1779528333.8254085,0.0,0.0,0.1989675347273536,0.0,0.0,0.0,-0.0792,1.7028,0.27720000000000006,0.0,0.0,0.2,0.0,0.0,0.1989675347273536,0.0,0.0,0.0,square,2,0.2,0.25,27,54,4.6199750900268555,0.0
1779528333.8354118,0.0,0.0,0.1989675347273536,0.0,0.0,0.0,-0.1584,1.7028,-0.3168,0.0,0.0,0.2,0.0,0.0,0.1989675347273536,0.0,0.0,0.0,square,2,0.2,0.25,27,54,4.629966974258423,0.0
1779528333.8454137,0.0,0.0,0.1989675347273536,0.0,0.0,0.0,-0.1584,1.7424,-0.27720000000000006,0.0,0.0,0.2,0.0,0.0,0.1989675347273536,-0.0020777729190408684,0.0,0.0,square,2,0.2,0.25,27,54,4.639970302581787,0.0
1779528333.855413,0.0,0.0,0.1989675347273536,-0.0020777729190408684,0.0,0.0,-0.1188,1.7028,-0.396,0.0,0.0,0.2,0.0,0.0,0.1989675347273536,-0.0020777729190408684,0.0,0.0,square,2,0.2,0.25,27,54,4.649972200393677,0.0
1779528333.8654182,0.0,0.0,0.1989675347273536,-0.0020777729190408684,0.0,0.0,-0.0792,1.6632,-0.27720000000000006,0.0,0.0,0.2,0.0,0.0,0.1989675347273536,0.0020777729190408684,0.0,0.0,square,2,0.2,0.25,27,54,4.659971475601196,0.0
1779528333.875409,0.0,0.0,0.1989675347273536,0.0020777729190408684,0.0,0.0,-0.0792,1.6236000000000002,-0.2376,0.0,0.0,0.2,0.0,0.0,0.1989675347273536,0.0,0.0,0.0,square,2,0.2,0.25,27,54,4.669976711273193,0.0
1779528333.8854125,0.0,0.0,0.1989675347273536,0.0,0.0,0.0,-0.0792,1.6236000000000002,-0.3168,0.0,0.0,0.2,0.0,0.0,0.1989675347273536,0.0,0.0,0.0,square,2,0.2,0.25,27,54,4.679967403411865,0.0
1779528333.895419,0.0,0.0,0.1989675347273536,0.0,0.0,0.0,-0.0792,1.7028,-0.35639999999999994,0.0,0.0,0.2,0.0,0.0,0.1989675347273536,0.0,0.0,0.0,square,2,0.2,0.25,27,54,4.689970970153809,0.0
1779528333.9054108,0.0,0.0,0.1989675347273536,0.0,0.0,0.0,-0.0792,1.584,-0.27720000000000006,0.0,0.0,0.2,0.0,0.0,0.1989675347273536,0.0,0.0,0.0,square,2,0.2,0.25,27,54,4.699977397918701,0.0
1779528333.9154112,0.0,0.0,0.1989675347273536,0.0,0.0,0.0,-0.0792,1.6632,-0.27720000000000006,0.0,0.0,0.2,0.0,0.0,0.1989675347273536,-0.0020777729190408684,0.0,0.0,square,2,0.2,0.25,27,54,4.7099692821502686,0.0
1779528333.9254253,0.0,0.0,0.1989675347273536,-0.0020777729190408684,0.0,0.0,-0.0396,1.7028,-0.4356,0.0,0.0,0.2,0.0,0.0,0.1989675347273536,0.0,0.0,0.0,square,2,0.2,0.25,27,54,4.719969749450684,0.0
1779528333.935412,0.0,0.0,0.1989675347273536,0.0,0.0,0.0,-0.0396,1.6236000000000002,-0.2376,0.0,0.0,0.2,0.0,0.0,0.1989675347273536,0.0,0.0,0.0,square,2,0.2,0.25,27,54,4.729983806610107,0.0
1779528333.9454105,0.0,0.0,0.1989675347273536,0.0,0.0,0.0,-0.0792,1.6236000000000002,-0.198,0.0,0.0,0.2,0.0,0.0,0.1989675347273536,0.0,0.0,0.0,square,2,0.2,0.25,27,54,4.739970445632935,0.0
1779528333.955411,0.0,0.0,0.1989675347273536,0.0,0.0,0.0,-0.1188,1.6236000000000002,-0.27720000000000006,0.0,0.0,0.2,0.0,0.0,0.1989675347273536,0.0,0.0,0.0,square,2,0.2,0.25,27,54,4.749969005584717,0.0
1779528333.9654167,0.0,0.0,0.1989675347273536,0.0,0.0,0.0,-0.0396,1.7424,-0.198,0.0,0.0,0.2,0.0,0.0,0.1989675347273536,0.0,0.0,0.0,square,2,0.2,0.25,27,54,4.759969472885132,0.0
1779528333.9754148,0.0,0.0,0.1989675347273536,0.0,0.0,0.0,-0.1584,1.7424,-0.27720000000000006,0.0,0.0,0.2,0.0,0.0,0.1989675347273536,0.0,0.0,0.0,square,2,0.2,0.25,27,54,4.769975185394287,0.0
1779528333.9854114,0.0,0.0,0.1989675347273536,0.0,0.0,0.0,-0.1188,1.782,-0.396,0.0,0.0,0.2,0.0,0.0,0.1989675347273536,0.0,0.0,0.0,square,2,0.2,0.25,27,54,4.779973268508911,0.0
1779528333.9954205,0.0,0.0,0.1989675347273536,0.0,0.0,0.0,-0.1188,1.782,-0.3168,0.0,0.0,0.2,0.0,0.0,0.1989675347273536,0.0,0.0,0.0,square,2,0.2,0.25,27,54,4.7899699211120605,0.0
1779528334.0054655,0.0,0.0,0.1989675347273536,0.0,0.0,0.0,-0.1188,1.7028,-0.27720000000000006,0.0,0.0,0.2,0.0,0.0,0.1989675347273536,0.0,0.0,0.0,square,2,0.2,0.25,27,54,4.799978971481323,0.0
1779528334.0154188,0.0,0.0,0.1989675347273536,0.0,0.0,0.0,-0.0792,1.7028,-0.396,0.0,0.0,0.2,0.0,0.0,0.1989675347273536,0.0,0.0,-0.0020777729190408684,square,2,0.2,0.25,27,54,4.81002402305603,0.0
1779528334.0254107,0.0,0.0,0.1989675347273536,0.0,0.0,-0.0020777729190408684,-0.1188,1.6236000000000002,-0.27720000000000006,0.0,0.0,0.2,0.0,0.0,0.1989675347273536,-0.0020777729190408684,0.0,0.0,square,2,0.2,0.25,27,54,4.819977283477783,0.0
1779528334.0354114,0.0,0.0,0.1989675347273536,-0.0020777729190408684,0.0,0.0,0.0,1.584,-0.3168,0.0,0.0,0.2,0.0,0.0,0.1989675347273536,0.0,0.0,0.0,square,2,0.2,0.25,27,54,4.829969167709351,0.0
1779528334.045414,0.0,0.0,0.1989675347273536,0.0,0.0,0.0,-0.0396,1.7424,-0.4356,0.0,0.0,0.2,0.0,0.0,0.1989675347273536,0.0,0.0,0.0,square,2,0.2,0.25,27,54,4.839969873428345,0.0
1779528334.0554142,0.0,0.0,0.1989675347273536,0.0,0.0,0.0,-0.0396,1.7424,-0.4356,0.0,0.0,0.2,0.0,0.0,0.1989675347273536,0.0,0.0,0.0,square,2,0.2,0.25,27,54,4.849972486495972,0.0
1779528334.065414,0.0,0.0,0.1989675347273536,0.0,0.0,0.0,-0.0396,1.6236000000000002,-0.396,0.0,0.0,0.2,0.0,0.0,0.1989675347273536,0.0,0.0,0.0,square,2,0.2,0.25,27,54,4.859972715377808,0.0
1779528334.0754144,0.0,0.0,0.1989675347273536,0.0,0.0,0.0,-0.0396,1.6632,-0.35639999999999994,0.0,0.0,0.2,0.0,0.0,0.1989675347273536,0.0,0.0,-0.0020777729190408684,square,2,0.2,0.25,27,54,4.869972467422485,0.0
1779528334.0854256,0.0,0.0,0.1989675347273536,0.0,0.0,-0.0020777729190408684,-0.1188,1.7028,-0.35639999999999994,0.0,0.0,0.2,0.0,0.0,0.1989675347273536,0.0,0.0,0.0,square,2,0.2,0.25,27,54,4.8799729347229,0.0
1779528334.0954278,0.0,0.0,0.1989675347273536,0.0,0.0,0.0,-0.1188,1.6632,-0.3168,0.0,0.0,0.2,0.0,0.0,0.1989675347273536,0.0,0.0,0.0,square,2,0.2,0.25,27,54,4.889984130859375,0.0
1779528334.1054168,0.0,0.0,0.1989675347273536,0.0,0.0,0.0,-0.1584,1.6236000000000002,-0.396,0.0,0.0,0.2,0.0,0.0,0.1989675347273536,0.0,0.0,0.0,square,2,0.2,0.25,27,54,4.899986267089844,0.0
1779528334.115415,0.0,0.0,0.1989675347273536,0.0,0.0,0.0,-0.1188,1.6632,-0.35639999999999994,0.0,0.0,0.2,0.0,0.0,0.1989675347273536,0.0,0.0,0.0,square,2,0.2,0.25,27,54,4.909975290298462,0.0
1779528334.1254106,0.0,0.0,0.1989675347273536,0.0,0.0,0.0,-0.0792,1.6236000000000002,-0.198,0.0,0.0,0.2,0.0,0.0,0.1989675347273536,0.0,0.0,0.0,square,2,0.2,0.25,27,54,4.919973611831665,0.0
1779528334.135415,0.0,0.0,0.1989675347273536,0.0,0.0,0.0,-0.1188,1.6236000000000002,-0.3168,0.0,0.0,0.2,0.0,0.0,0.1989675347273536,0.0,0.0,0.0,square,2,0.2,0.25,27,54,4.929969072341919,0.0
1779528334.1454132,0.0,0.0,0.1989675347273536,0.0,0.0,0.0,-0.0396,1.5444,-0.35639999999999994,0.0,0.0,0.2,0.0,0.0,0.1989675347273536,0.0,0.0020777729190408684,0.0,square,2,0.2,0.25,27,54,4.939973592758179,0.0
1779528334.1554146,0.0,0.0,0.1989675347273536,0.0,0.0020777729190408684,0.0,-0.0792,1.584,-0.2376,0.0,0.0,0.2,0.0,0.0,0.1989675347273536,0.0,0.0,0.0,square,2,0.2,0.25,27,54,4.949971675872803,0.0
1779528334.1654134,0.0,0.0,0.1989675347273536,0.0,0.0,0.0,-0.0792,1.6632,-0.2376,0.0,0.0,0.2,0.0,0.0,0.1989675347273536,-0.0020777729190408684,0.0,0.0,square,2,0.2,0.25,27,54,4.959973096847534,0.0
1779528334.1754332,0.0,0.0,0.1989675347273536,-0.0020777729190408684,0.0,0.0,0.0,1.6632,-0.3168,0.0,0.0,0.2,0.0,0.0,0.1989675347273536,0.0,-0.0020777729190408684,0.0,square,2,0.2,0.25,27,54,4.9699718952178955,0.0
1779528334.185412,0.0,0.0,0.1989675347273536,0.0,-0.0020777729190408684,0.0,-0.0396,1.6632,-0.2376,0.0,0.0,0.2,0.0,0.0,0.1989675347273536,0.0,0.0,0.0,square,2,0.2,0.25,27,54,4.979991674423218,0.0
1779528334.195419,0.0,0.0,0.1989675347273536,0.0,0.0,0.0,-0.0396,1.584,-0.2376,0.0,0.0,0.2,0.0,0.0,0.1989675347273536,0.0,0.0,0.0,square,2,0.2,0.25,27,54,4.989970445632935,0.0
1779528334.2055933,0.0,0.0,0.1989675347273536,0.0,0.0,0.0,-0.1188,1.7424,-0.35639999999999994,0.0,0.0,0.2,0.0,0.0,0.1989675347273536,0.0,0.0,0.0,square,2,0.2,0.25,27,54,4.9999775886535645,0.0
1779528334.2154114,0.0,0.0,0.1989675347273536,0.0,0.0,0.0,-0.0792,1.8215999999999999,-0.3168,0.0,0.0,0.2,0.0,0.0,0.1989675347273536,0.0020777729190408684,0.0,-0.0020777729190408684,square,2,0.2,0.25,27,54,5.0101518630981445,0.0
1779528334.2254157,0.0,0.0,0.1989675347273536,0.0020777729190408684,0.0,-0.0020777729190408684,-0.1584,1.6632,-0.2376,0.0,0.0,0.2,0.0,0.0,0.1989675347273536,0.0,0.0,0.0,square,2,0.2,0.25,27,54,5.019969940185547,0.0
1779528334.235426,0.0,0.0,0.1989675347273536,0.0,0.0,0.0,-0.0792,1.6632,-0.2376,0.0,0.0,0.2,0.0,0.0,0.1989675347273536,0.0,0.0,0.0,square,2,0.2,0.25,27,54,5.0299742221832275,0.0
1779528334.2454443,0.0,0.0,0.1989675347273536,0.0,0.0,0.0,-0.1188,1.6236000000000002,-0.35639999999999994,0.0,0.0,0.2,0.0,0.0,0.1989675347273536,0.0,0.0,0.0,square,2,0.2,0.25,27,54,5.039984464645386,0.0
1779528334.2554116,0.0,0.0,0.1989675347273536,0.0,0.0,0.0,-0.0792,1.6236000000000002,-0.396,0.0,0.0,0.2,0.0,0.0,0.1989675347273536,0.0,-0.0020777729190408684,0.0,square,2,0.2,0.25,27,54,5.050002813339233,0.0
1779528334.2656443,0.0,0.0,0.1989675347273536,0.0,-0.0020777729190408684,0.0,-0.1188,1.584,-0.27720000000000006,0.0,0.0,0.2,0.0,0.0,0.1989675347273536,-0.0020777729190408684,-0.0020777729190408684,0.0,square,2,0.2,0.25,27,54,5.059970140457153,0.0
1779528334.2754092,0.0,0.0,0.1989675347273536,-0.0020777729190408684,-0.0020777729190408684,0.0,0.0792,1.6236000000000002,-0.3168,0.0,0.0,0.2,0.0,0.0,0.1989675347273536,0.0,0.0,0.0,square,2,0.2,0.25,27,54,5.070202827453613,0.0
1779528334.2854183,0.0,0.0,0.1989675347273536,0.0,0.0,0.0,-0.0792,1.7424,-0.198,0.0,0.0,0.2,0.0,0.0,0.1989675347273536,0.0,-0.0020777729190408684,0.0,square,2,0.2,0.25,27,54,5.079967737197876,0.0
1779528334.2955172,0.0,0.0,0.1989675347273536,0.0,-0.0020777729190408684,0.0,-0.0792,1.7028,-0.396,0.0,0.0,0.2,0.0,0.0,0.1989675347273536,0.0,0.0,0.0,square,2,0.2,0.25,27,54,5.089976787567139,0.0
1779528334.305412,0.0,0.0,0.1989675347273536,0.0,0.0,0.0,-0.1188,1.7028,-0.27720000000000006,0.0,0.0,0.2,0.0,0.0,0.1989675347273536,0.0,0.0,0.0,square,2,0.2,0.25,27,54,5.100075721740723,0.0
1779528334.3156288,0.0,0.0,0.1989675347273536,0.0,0.0,0.0,-0.1188,1.6632,-0.3168,0.0,0.0,0.2,0.0,0.0,0.1989675347273536,0.0,0.0,0.0,square,2,0.2,0.25,27,54,5.109970569610596,0.0
1779528334.3254108,0.0,0.0,0.1989675347273536,0.0,0.0,0.0,-0.1188,1.6632,-0.3168,0.0,0.0,0.2,0.0,0.0,0.1989675347273536,0.0,0.0,0.0,square,2,0.2,0.25,27,54,5.120187282562256,0.0
1779528334.3355343,0.0,0.0,0.1989675347273536,0.0,0.0,0.0,-0.1188,1.5444,-0.2376,0.0,0.0,0.2,0.0,0.0,0.1989675347273536,0.0,0.0,0.0,square,2,0.2,0.25,27,54,5.129969358444214,0.0
1779528334.345413,0.0,0.0,0.1989675347273536,0.0,0.0,0.0,-0.1188,1.7424,-0.2376,0.0,0.0,0.2,0.0,0.0,0.1989675347273536,0.0,0.0,0.0,square,2,0.2,0.25,27,54,5.140092849731445,0.0
1779528334.3555062,0.0,0.0,0.1989675347273536,0.0,0.0,0.0,-0.0792,1.6632,-0.3168,0.0,0.0,0.2,0.0,0.0,0.1989675347273536,0.0,0.0,0.0,square,2,0.2,0.25,27,54,5.1499714851379395,0.0
1779528334.365458,0.0,0.0,0.1989675347273536,0.0,0.0,0.0,-0.0792,1.6632,-0.3168,0.0,0.0,0.2,0.0,0.0,0.1989675347273536,0.0,0.0,0.0,square,2,0.2,0.25,27,54,5.160064697265625,0.0
1779528334.3754206,0.0,0.0,0.1989675347273536,0.0,0.0,0.0,-0.0792,1.7028,-0.27720000000000006,0.0,0.0,0.2,0.0,0.0,0.1989675347273536,0.0,-0.0020777729190408684,0.0,square,2,0.2,0.25,27,54,5.170016527175903,0.0
1779528334.3854318,0.0,0.0,0.1989675347273536,0.0,-0.0020777729190408684,0.0,-0.1188,1.584,-0.2376,0.0,0.0,0.2,0.0,0.0,0.1989675347273536,0.0,0.0,0.0,square,2,0.2,0.25,27,54,5.179979085922241,0.0
1779528334.3953853,0.0,0.0,0.1989675347273536,0.0,0.0,0.0,-0.1188,1.7424,-0.3168,0.0,0.0,0.2,0.0,0.0,0.1989675347273536,0.0,0.0,-0.0020777729190408684,square,2,0.2,0.25,27,54,5.189990282058716,0.0
1779528334.4054132,0.0,0.0,0.1989675347273536,0.0,0.0,-0.0020777729190408684,-0.0792,1.6632,-0.35639999999999994,0.0,0.0,0.2,0.0,0.0,0.1989675347273536,-0.0020777729190408684,-0.0020777729190408684,0.0,square,2,0.2,0.25,27,54,5.199943780899048,0.0
1779528334.415413,0.0,0.0,0.1989675347273536,-0.0020777729190408684,-0.0020777729190408684,0.0,-0.0396,1.7028,-0.3168,0.0,0.0,0.2,0.0,0.0,0.1989675347273536,0.0,0.0,0.0,square,2,0.2,0.25,27,54,5.20997166633606,0.0
1779528334.4254234,0.0,0.0,0.1989675347273536,0.0,0.0,0.0,-0.1188,1.6632,-0.27720000000000006,0.0,0.0,0.2,0.0,0.0,0.1989675347273536,0.0020777729190408684,0.0,0.0,square,2,0.2,0.25,27,54,5.219971418380737,0.0
1779528334.435419,0.0,0.0,0.1989675347273536,0.0020777729190408684,0.0,0.0,-0.0792,1.584,0.35639999999999994,0.0,0.0,0.2,0.0,0.0,0.1989675347273536,0.0,0.0,0.0,square,2,0.2,0.25,27,54,5.229981899261475,0.0
1779528334.4454148,0.0,0.0,0.1989675347273536,0.0,0.0,0.0,-0.1188,1.584,-0.198,0.0,0.0,0.2,0.0,0.0,0.1989675347273536,0.0,0.0,0.0,square,2,0.2,0.25,27,54,5.239977598190308,0.0
1779528334.455414,0.0,0.0,0.1989675347273536,0.0,0.0,0.0,-0.1188,1.7424,-0.27720000000000006,0.0,0.0,0.2,0.0,0.0,0.1989675347273536,0.0,0.0,0.0,square,2,0.2,0.25,27,54,5.249973297119141,0.0
1779528334.4654193,0.0,0.0,0.1989675347273536,0.0,0.0,0.0,-0.1584,1.7424,-0.2376,0.0,0.0,0.2,0.0,0.0,0.1989675347273536,0.0,0.0,0.0,square,2,0.2,0.25,27,54,5.25997257232666,0.0
1779528334.475414,0.0,0.0,0.1989675347273536,0.0,0.0,0.0,-0.1188,1.6632,-0.396,0.0,0.0,0.2,0.0,0.0,0.1989675347273536,0.0,0.0,0.0,square,2,0.2,0.25,27,54,5.269977807998657,0.0
1779528334.4854112,0.0,0.0,0.1989675347273536,0.0,0.0,0.0,-0.1188,1.6236000000000002,-0.35639999999999994,0.0,0.0,0.2,0.0,0.0,0.1989675347273536,-0.0020777729190408684,0.0,0.0,square,2,0.2,0.25,27,54,5.279972553253174,0.0
1779528334.4955192,0.0,0.0,0.1989675347273536,-0.0020777729190408684,0.0,0.0,-0.1188,1.6236000000000002,-0.35639999999999994,0.0,0.0,0.2,0.0,0.0,0.1989675347273536,0.0,0.0,0.0,square,2,0.2,0.25,27,54,5.2899696826934814,0.0
1779528334.505463,0.0,0.0,0.1989675347273536,0.0,0.0,0.0,-0.0396,1.7424,-0.198,0.0,0.0,0.2,0.0,0.0,0.1989675347273536,0.0,0.0,0.0,square,2,0.2,0.25,27,54,5.300077676773071,0.0
1779528334.5154114,0.0,0.0,0.1989675347273536,0.0,0.0,0.0,-0.0792,1.6632,-0.2376,0.0,0.0,0.2,0.0,0.0,0.1989675347273536,0.0,0.0,0.0,square,2,0.2,0.25,27,54,5.31002140045166,0.0
1779528334.5254111,0.0,0.0,0.1989675347273536,0.0,0.0,0.0,-0.1188,1.6236000000000002,-0.2376,0.0,0.0,0.2,0.0,0.0,0.1989675347273536,0.0,0.0020777729190408684,0.0,square,2,0.2,0.25,27,54,5.319969892501831,0.0
1779528334.5354152,0.0,0.0,0.1989675347273536,0.0,0.0020777729190408684,0.0,-0.1188,1.584,-0.2376,0.0,0.0,0.2,0.0,0.0,0.1989675347273536,0.0,0.0,0.0,square,2,0.2,0.25,27,54,5.329969644546509,0.0
1779528334.5455966,0.0,0.0,0.1989675347273536,0.0,0.0,0.0,-0.1188,1.7424,-0.3168,0.0,0.0,0.2,0.0,0.0,0.1989675347273536,0.0,0.0,0.0,square,2,0.2,0.25,27,54,5.33997368812561,0.0
1779528334.55542,0.0,0.0,0.1989675347273536,0.0,0.0,0.0,-0.0792,1.584,-0.2376,0.0,0.0,0.2,0.0,0.0,0.1989675347273536,0.0,0.0020777729190408684,0.0,square,2,0.2,0.25,27,54,5.3501551151275635,0.0
1779528334.5654106,0.0,0.0,0.1989675347273536,0.0,0.0020777729190408684,0.0,-0.1188,1.7028,-0.198,0.0,0.0,0.2,0.0,0.0,0.1989675347273536,0.0,-0.0020777729190408684,0.0,square,2,0.2,0.25,27,54,5.359978437423706,0.0
1779528334.5754116,0.0,0.0,0.1989675347273536,0.0,-0.0020777729190408684,0.0,0.1584,1.584,-0.27720000000000006,0.0,0.0,0.2,0.0,0.0,0.1989675347273536,0.0,0.0,0.0,square,2,0.2,0.25,27,54,5.369969129562378,0.0
1779528334.585414,0.0,0.0,0.1989675347273536,0.0,0.0,0.0,-0.1584,1.7028,-0.27720000000000006,0.0,0.0,0.2,0.0,0.0,0.1989675347273536,0.0,0.0,0.0,square,2,0.2,0.25,27,54,5.379970073699951,0.0
1779528334.5954127,0.0,0.0,0.1989675347273536,0.0,0.0,0.0,-0.1584,1.6236000000000002,-0.27720000000000006,0.0,0.0,0.2,0.0,0.0,0.1989675347273536,0.0,0.0,-0.0020777729190408684,square,2,0.2,0.25,27,54,5.389972448348999,0.0
1779528334.6054122,0.0,0.0,0.1989675347273536,0.0,0.0,-0.0020777729190408684,-0.0792,1.6236000000000002,-0.2376,0.0,0.0,0.2,0.0,0.0,0.1989675347273536,0.0,0.0,0.0,square,2,0.2,0.25,27,54,5.39997124671936,0.0
1779528334.615411,0.0,0.0,0.1989675347273536,0.0,0.0,0.0,-0.1584,1.7028,-0.2376,0.0,0.0,0.2,0.0,0.0,0.1989675347273536,0.0,0.0,0.0,square,2,0.2,0.25,27,54,5.409970760345459,0.0
1779528334.6254518,0.0,0.0,0.1989675347273536,0.0,0.0,0.0,-0.0792,1.7028,-0.35639999999999994,0.0,0.0,0.2,0.0,0.0,0.1989675347273536,0.0,0.0,0.0,square,2,0.2,0.25,27,54,5.41996955871582,0.0
1779528334.6354222,0.0,0.0,0.1989675347273536,0.0,0.0,0.0,-0.1188,1.7028,-0.3168,0.0,0.0,0.2,0.0,0.0,0.1989675347273536,0.0,0.0,0.0,square,2,0.2,0.25,27,54,5.4300103187561035,0.0
1779528334.6454122,0.0,0.0,0.1989675347273536,0.0,0.0,0.0,-0.0792,1.7424,-0.3168,0.0,0.0,0.2,0.0,0.0,0.1989675347273536,0.0,0.0,0.0020777729190408684,square,2,0.2,0.25,27,54,5.439980745315552,0.0
1779528334.6555605,0.0,0.0,0.1989675347273536,0.0,0.0,0.0020777729190408684,-0.1188,1.5444,-0.27720000000000006,0.0,0.0,0.2,0.0,0.0,0.1989675347273536,-0.0020777729190408684,0.0,0.0020777729190408684,square,2,0.2,0.25,27,54,5.449970722198486,0.0
1779528334.6654098,0.0,0.0,0.1989675347273536,-0.0020777729190408684,0.0,0.0020777729190408684,-0.0792,1.7028,-0.3168,0.0,0.0,0.2,0.0,0.0,0.1989675347273536,0.0020777729190408684,0.0020777729190408684,0.0,square,2,0.2,0.25,27,54,5.460119009017944,0.0
1779528334.6754105,0.0,0.0,0.1989675347273536,0.0020777729190408684,0.0020777729190408684,0.0,-0.0792,1.6632,-0.3168,0.0,0.0,0.2,0.0,0.0,0.1989675347273536,0.0,0.0,0.0,square,2,0.2,0.25,27,54,5.469968318939209,0.0
1779528334.6854374,0.0,0.0,0.1989675347273536,0.0,0.0,0.0,-0.1584,1.5444,-0.3168,0.0,0.0,0.2,0.0,0.0,0.1989675347273536,0.0,0.0,0.0,square,2,0.2,0.25,27,54,5.479969024658203,0.0
1779528334.6954517,0.0,0.0,0.1989675347273536,0.0,0.0,0.0,-0.1188,1.5444,-0.2376,0.0,0.0,0.2,0.0,0.0,0.1989675347273536,0.0,0.0,0.0,square,2,0.2,0.25,27,54,5.489995956420898,0.0
1779528334.7054124,0.0,0.0,0.1989675347273536,0.0,0.0,0.0,-0.1188,1.6236000000000002,-0.198,0.0,0.0,0.2,0.0,0.0,0.1989675347273536,0.0,0.0,0.0,square,2,0.2,0.25,27,54,5.500010251998901,0.0
1779528334.7155483,0.0,0.0,0.1989675347273536,0.0,0.0,0.0,-0.1188,1.5444,-0.35639999999999994,0.0,0.0,0.2,0.0,0.0,0.1989675347273536,-0.0020777729190408684,0.0020777729190408684,0.0,square,2,0.2,0.25,27,54,5.5099709033966064,0.0
1779528334.7255986,0.0,0.0,0.1989675347273536,-0.0020777729190408684,0.0020777729190408684,0.0,-0.1188,1.7028,-0.3168,0.0,0.0,0.2,0.0,0.0,0.1989675347273536,0.0,0.0,0.0,square,2,0.2,0.25,27,54,5.520106792449951,0.0
1779528334.7354121,0.0,0.0,0.1989675347273536,0.0,0.0,0.0,-0.1188,1.584,-0.27720000000000006,0.0,0.0,0.2,0.0,0.0,0.1989675347273536,0.0,0.0,0.0,square,2,0.2,0.25,27,54,5.530157089233398,0.0
1779528334.7456062,0.0,0.0,0.1989675347273536,0.0,0.0,0.0,-0.0792,1.7028,-0.27720000000000006,0.0,0.0,0.2,0.0,0.0,0.1989675347273536,0.0,0.0,0.0,square,2,0.2,0.25,27,54,5.539970636367798,0.0
1779528334.7554154,0.0,0.0,0.1989675347273536,0.0,0.0,0.0,-0.0792,1.584,-0.27720000000000006,0.0,0.0,0.2,0.0,0.0,0.1989675347273536,0.0,0.0,0.0,square,2,0.2,0.25,27,54,5.550164699554443,0.0
1779528334.7654145,0.0,0.0,0.1989675347273536,0.0,0.0,0.0,-0.1188,1.7424,-0.27720000000000006,0.0,0.0,0.2,0.0,0.0,0.1989675347273536,0.0020777729190408684,0.0,0.0,square,2,0.2,0.25,27,54,5.559973955154419,0.0
1779528334.7754214,0.0,0.0,0.1989675347273536,0.0020777729190408684,0.0,0.0,-0.1188,1.7028,-0.198,0.0,0.0,0.2,0.0,0.0,0.1989675347273536,0.0,0.0,0.0,square,2,0.2,0.25,27,54,5.569972991943359,0.0
1779528334.7856762,0.0,0.0,0.1989675347273536,0.0,0.0,0.0,-0.1188,1.6632,-0.1584,0.0,0.0,0.2,0.0,0.0,0.1989675347273536,0.0,0.0,0.0,square,2,0.2,0.25,27,54,5.57997989654541,0.0
1779528334.7956133,0.0,0.0,0.1989675347273536,0.0,0.0,0.0,-0.1584,1.584,-0.2376,0.0,0.0,0.2,0.0,0.0,0.1989675347273536,0.0,0.0,0.0,square,2,0.2,0.25,27,54,5.590234756469727,0.0
1779528334.8067074,0.0,0.0,0.1989675347273536,0.0,0.0,0.0,-0.1188,1.584,-0.2376,0.0,0.0,0.2,0.0,0.0,0.1989675347273536,0.0,0.0,0.0,square,2,0.2,0.25,27,54,5.600171804428101,0.0
1779528334.8154151,0.0,0.0,0.1989675347273536,0.0,0.0,0.0,-0.1188,1.584,-0.2376,0.0,0.0,0.2,0.0,0.0,0.1989675347273536,0.0,0.0,0.0020777729190408684,square,2,0.2,0.25,27,54,5.6112658977508545,0.0
1779528334.8254106,0.0,0.0,0.1989675347273536,0.0,0.0,0.0020777729190408684,-0.0792,1.5444,-0.1584,0.0,0.0,0.2,0.0,0.0,0.1989675347273536,0.0,0.0,0.0020777729190408684,square,2,0.2,0.25,27,54,5.619973659515381,0.0
1779528334.8354456,0.0,0.0,0.1989675347273536,0.0,0.0,0.0020777729190408684,-0.1188,1.6632,0.198,0.0,0.0,0.2,0.0,0.0,0.1989675347273536,0.0,0.0,0.0,square,2,0.2,0.25,27,54,5.629969120025635,0.0
1779528334.8455567,0.0,0.0,0.1989675347273536,0.0,0.0,0.0,-0.0792,1.584,-0.27720000000000006,0.0,0.0,0.2,0.0,0.0,0.1989675347273536,0.0020777729190408684,0.0020777729190408684,0.0,square,2,0.2,0.25,27,54,5.6400041580200195,0.0
1779528334.8554432,0.0,0.0,0.1989675347273536,0.0020777729190408684,0.0020777729190408684,0.0,-0.0792,1.6632,-0.198,0.0,0.0,0.2,0.0,0.0,0.1989675347273536,0.0,0.0,0.0,square,2,0.2,0.25,27,54,5.650115251541138,0.0
1779528334.865425,0.0,0.0,0.1989675347273536,0.0,0.0,0.0,-0.0792,1.6236000000000002,-0.27720000000000006,0.0,0.0,0.2,0.0,0.0,0.1989675347273536,0.0,0.0,0.0,square,2,0.2,0.25,27,54,5.660001754760742,0.0
1779528334.8754675,0.0,0.0,0.1989675347273536,0.0,0.0,0.0,-0.1188,1.7028,-0.2376,0.0,0.0,0.2,0.0,0.0,0.1989675347273536,0.0,0.0,0.0,square,2,0.2,0.25,27,54,5.669983625411987,0.0
1779528334.8854113,0.0,0.0,0.1989675347273536,0.0,0.0,0.0,-0.1584,1.5444,-0.2376,0.0,0.0,0.2,0.0,0.0,0.1989675347273536,0.0,0.0,0.0,square,2,0.2,0.25,27,54,5.680026054382324,0.0
1779528334.8954146,0.0,0.0,0.1989675347273536,0.0,0.0,0.0,-0.1188,1.6632,-0.27720000000000006,0.0,0.0,0.2,0.0,0.0,0.1989675347273536,0.0,0.0,0.0,square,2,0.2,0.25,27,54,5.689969778060913,0.0
1779528334.9054132,0.0,0.0,0.1989675347273536,0.0,0.0,0.0,-0.1584,1.5444,-0.2376,0.0,0.0,0.2,0.0,0.0,0.1989675347273536,0.0,0.0,0.0020777729190408684,square,2,0.2,0.25,27,54,5.699973106384277,0.0
1779528334.9154289,0.0,0.0,0.1989675347273536,0.0,0.0,0.0020777729190408684,-0.0792,1.5444,-0.2376,0.0,0.0,0.2,0.0,0.0,0.1989675347273536,0.0,0.0,0.0,square,2,0.2,0.25,27,54,5.70997166633606,0.0
1779528334.925422,0.0,0.0,0.1989675347273536,0.0,0.0,0.0,-0.0396,1.5048000000000001,-0.198,0.0,0.0,0.2,0.0,0.0,0.1989675347273536,0.0,0.0,0.0,square,2,0.2,0.25,27,54,5.719987392425537,0.0
1779528334.935412,0.0,0.0,0.1989675347273536,0.0,0.0,0.0,-0.1188,1.6236000000000002,-0.27720000000000006,0.0,0.0,0.2,0.0,0.0,0.1989675347273536,0.0,0.0,0.0,square,2,0.2,0.25,27,54,5.72998046875,0.0
1779528334.945409,0.0,0.0,0.1989675347273536,0.0,0.0,0.0,-0.0792,1.7424,-0.1584,0.0,0.0,0.2,0.0,0.0,0.1989675347273536,0.0,0.0,-0.0020777729190408684,square,2,0.2,0.25,27,54,5.739970445632935,0.0
1779528334.955423,0.0,0.0,0.1989675347273536,0.0,0.0,-0.0020777729190408684,-0.1188,1.584,-0.2376,0.0,0.0,0.2,0.0,0.0,0.1989675347273536,0.0,0.0,0.0020777729190408684,square,2,0.2,0.25,27,54,5.749967575073242,0.0
1779528334.9654148,0.0,0.0,0.1989675347273536,0.0,0.0,0.0020777729190408684,-0.1188,1.5444,-0.198,0.0,0.0,0.2,0.0,0.0,0.1989675347273536,0.0,0.0,0.0,square,2,0.2,0.25,27,54,5.759981632232666,0.0
1779528334.975414,0.0,0.0,0.1989675347273536,0.0,0.0,0.0,-0.0792,1.6632,-0.2376,0.0,0.0,0.2,0.0,0.0,0.1989675347273536,0.0020777729190408684,0.0,0.0,square,2,0.2,0.25,27,54,5.769973278045654,0.0
1779528334.9854143,0.0,0.0,0.1989675347273536,0.0020777729190408684,0.0,0.0,-0.1584,1.6236000000000002,-0.1584,0.0,0.0,0.2,0.0,0.0,0.1989675347273536,0.0,0.0,0.0,square,2,0.2,0.25,27,54,5.779972553253174,0.0
1779528334.995524,0.0,0.0,0.1989675347273536,0.0,0.0,0.0,-0.1188,1.5444,-0.3168,0.0,0.0,0.2,0.0,0.0,0.1989675347273536,0.0,0.0,-0.0020777729190408684,square,2,0.2,0.25,27,54,5.78997278213501,0.0
1779528335.0054145,0.0,0.0,0.1989675347273536,0.0,0.0,-0.0020777729190408684,-0.0792,1.5444,-0.3168,0.0,0.0,0.2,0.0,0.0,0.1989675347273536,-0.0020777729190408684,0.0,0.0,square,2,0.2,0.25,27,54,5.800082445144653,0.0
1779528335.0154154,0.0,0.0,0.1989675347273536,-0.0020777729190408684,0.0,0.0,-0.1584,1.6236000000000002,-0.2376,0.0,0.0,0.2,0.0,0.0,0.1989675347273536,0.0,0.0,0.0,square,2,0.2,0.25,27,54,5.8099730014801025,0.0
1779528335.0254145,0.0,0.0,0.1989675347273536,0.0,0.0,0.0,-0.1584,1.584,-0.27720000000000006,0.0,0.0,0.2,0.0,0.0,0.1989675347273536,0.0,0.0,0.0,square,2,0.2,0.25,27,54,5.819973945617676,0.0
1779528335.035414,0.0,0.0,0.1989675347273536,0.0,0.0,0.0,-0.0792,1.5444,-0.3168,0.0,0.0,0.2,0.0,0.0,0.1989675347273536,0.0,0.0,0.0,square,2,0.2,0.25,27,54,5.829972982406616,0.0
1779528335.0454125,0.0,0.0,0.1989675347273536,0.0,0.0,0.0,-0.1188,1.5444,-0.27720000000000006,0.0,0.0,0.2,0.0,0.0,0.1989675347273536,0.0,-0.0020777729190408684,0.0,square,2,0.2,0.25,27,54,5.839972496032715,0.0
1779528335.055419,0.0,0.0,0.1989675347273536,0.0,-0.0020777729190408684,0.0,-0.1188,1.5444,-0.2376,0.0,0.0,0.2,0.0,0.0,0.1989675347273536,0.0,0.0,0.0,square,2,0.2,0.25,27,54,5.849971055984497,0.0
1779528335.0654542,0.0,0.0,0.1989675347273536,0.0,0.0,0.0,-0.0792,1.7028,-0.27720000000000006,0.0,0.0,0.2,0.0,0.0,0.1989675347273536,0.0,-0.0020777729190408684,-0.0020777729190408684,square,2,0.2,0.25,27,54,5.85997748374939,0.0
1779528335.0754137,0.0,0.0,0.1989675347273536,0.0,-0.0020777729190408684,-0.0020777729190408684,-0.0396,1.6632,-0.3168,0.0,0.0,0.2,0.0,0.0,0.1989675347273536,0.0,0.0,0.0,square,2,0.2,0.25,27,54,5.8700127601623535,0.0
1779528335.0853841,0.0,0.0,0.1989675347273536,0.0,0.0,0.0,-0.1188,1.6632,-0.3168,0.0,0.0,0.2,0.0,0.0,0.1989675347273536,0.0,0.0,0.0020777729190408684,square,2,0.2,0.25,27,54,5.879972219467163,0.0
1779528335.0954149,0.0,0.0,0.1989675347273536,0.0,0.0,0.0020777729190408684,-0.1188,1.6236000000000002,-0.35639999999999994,0.0,0.0,0.2,0.0,0.0,0.1989675347273536,0.0,0.0,0.0,square,2,0.2,0.25,27,54,5.889942646026611,0.0
1779528335.1054106,0.0,0.0,0.1989675347273536,0.0,0.0,0.0,-0.1188,1.6236000000000002,-0.2376,0.0,0.0,0.2,0.0,0.0,0.1989675347273536,0.0,0.0,0.0,square,2,0.2,0.25,27,54,5.899973392486572,0.0
1779528335.1154425,0.0,0.0,0.1989675347273536,0.0,0.0,0.0,-0.0792,1.6236000000000002,-0.3168,0.0,0.0,0.2,0.0,0.0,0.1989675347273536,0.0,0.0,0.0,square,2,0.2,0.25,27,54,5.909969091415405,0.0
1779528335.1254113,0.0,0.0,0.1989675347273536,0.0,0.0,0.0,-0.1584,1.7424,-0.2376,0.0,0.0,0.2,0.0,0.0,0.1989675347273536,0.0,0.0,0.0,square,2,0.2,0.25,27,54,5.920001029968262,0.0
1779528335.1353896,0.0,0.0,0.1989675347273536,0.0,0.0,0.0,-0.0792,1.4652,-0.1188,0.0,0.0,0.2,0.0,0.0,0.1989675347273536,0.0,0.0,0.0,square,2,0.2,0.25,27,54,5.929969787597656,0.0
1779528335.145417,0.0,0.0,0.1989675347273536,0.0,0.0,0.0,-0.0396,1.6236000000000002,-0.2376,0.0,0.0,0.2,0.0,0.0,0.1989675347273536,0.0,0.0,0.0,square,2,0.2,0.25,27,54,5.939948081970215,0.0
1779528335.1554167,0.0,0.0,0.1989675347273536,0.0,0.0,0.0,-0.1584,1.5444,-0.198,0.0,0.0,0.2,0.0,0.0,0.1989675347273536,0.0,0.0,0.0,square,2,0.2,0.25,27,54,5.949975490570068,0.0
1779528335.1654165,0.0,0.0,0.1989675347273536,0.0,0.0,0.0,-0.0792,1.5444,-0.27720000000000006,0.0,0.0,0.2,0.0,0.0,0.1989675347273536,0.0,0.0,0.0,square,2,0.2,0.25,27,54,5.959975242614746,0.0
1779528335.1754167,0.0,0.0,0.1989675347273536,0.0,0.0,0.0,-0.0396,1.5444,-0.198,0.0,0.0,0.2,0.0,0.0,0.1989675347273536,0.0,-0.0020777729190408684,0.0,square,2,0.2,0.25,27,54,5.969974994659424,0.0
1779528335.1854165,0.0,0.0,0.1989675347273536,0.0,-0.0020777729190408684,0.0,-0.0396,1.6632,-0.198,0.0,0.0,0.2,0.0,0.0,0.1989675347273536,0.0020777729190408684,0.0,0.0,square,2,0.2,0.25,27,54,5.97997522354126,0.0
1779528335.195527,0.0,0.0,0.1989675347273536,0.0020777729190408684,0.0,0.0,-0.1188,1.584,-0.2376,0.0,0.0,0.2,0.0,0.0,0.1989675347273536,0.0020777729190408684,0.0,0.0,square,2,0.2,0.25,27,54,5.9899749755859375,0.0
1779528335.2054164,0.0,0.0,0.1989675347273536,0.0020777729190408684,0.0,0.0,0.1188,1.584,-0.3168,0.0,0.0,-0.2,0.0,0.0,0.1989675347273536,0.0,0.0020777729190408684,0.0,square,2,0.2,0.25,27,54,6.0000855922698975,0.0
1779528335.2155106,0.0,0.0,0.1989675347273536,0.0,0.0020777729190408684,0.0,-0.0792,1.6236000000000002,-0.198,0.0,0.0,-0.2,0.0,0.0,0.1989675347273536,0.0,0.0020777729190408684,0.0,square,2,0.2,0.25,27,54,6.009974956512451,0.0
1779528335.2254164,0.0,0.0,0.1989675347273536,0.0,0.0020777729190408684,0.0,-0.0792,1.6236000000000002,-0.198,0.0,0.0,-0.2,0.0,0.0,0.1989675347273536,0.0,0.0,-0.004155545838081737,square,2,0.2,0.25,27,54,6.020069122314453,0.0
1779528335.2355578,0.0,0.0,0.1989675347273536,0.0,0.0,-0.004155545838081737,-0.0396,-1.4255999999999998,3.7620000000000005,0.0,0.0,-0.2,0.0,0.0,0.1832595714594046,0.0,-0.0020777729190408684,-1.419118903704913,square,2,0.2,0.25,27,54,6.029974937438965,0.0
1779528335.2456038,0.0,0.0,0.1832595714594046,0.0,-0.0020777729190408684,-1.419118903704913,1.1880000000000002,0.6336,1.2672,0.0,0.0,-0.2,0.0,0.0,0.1518436449235067,0.0020777729190408684,-0.01246663751424521,-2.8216156240574994,square,2,0.2,0.25,27,54,6.040116310119629,0.0
1779528335.2554169,0.0,0.0,0.1518436449235067,0.0020777729190408684,-0.01246663751424521,-2.8216156240574994,0.198,0.9504,4.7916,0.0,0.0,-0.2,0.0,0.0,0.10821041362364843,0.006233318757122605,-0.0020777729190408684,-3.9997128691536714,square,2,0.2,0.25,27,54,6.050162315368652,0.0
1779528335.2654166,0.0,0.0,0.10821041362364843,0.006233318757122605,-0.0020777729190408684,-3.9997128691536714,0.0396,1.3860000000000001,1.7424,0.0,0.0,-0.2,0.0,0.0,0.061086523819801536,0.0020777729190408684,0.0,-4.552400465618542,square,2,0.2,0.25,27,54,6.0599753856658936,0.0
1779528335.2756417,0.0,0.0,0.061086523819801536,0.0020777729190408684,0.0,-4.552400465618542,0.5940000000000001,1.3464,0.4752,0.0,0.0,-0.2,0.0,0.0,0.061086523819801536,0.0020777729190408684,0.0,-4.552400465618542,square,2,0.2,0.25,27,54,6.069975137710571,0.0
1779528335.2854128,0.0,0.0,0.061086523819801536,0.0020777729190408684,0.0,-4.552400465618542,0.5940000000000001,1.3464,0.4752,0.0,0.0,-0.2,0.0,0.0,-0.019198621771937627,-0.004155545838081737,0.006233318757122605,-3.848035446063688,square,2,0.2,0.25,27,54,6.0802001953125,0.0
1779528335.295414,0.0,0.0,-0.019198621771937627,-0.004155545838081737,0.006233318757122605,-3.848035446063688,-0.1584,1.98,-0.5544000000000001,0.0,0.0,-0.2,0.0,0.0,-0.050614548307835565,-0.006233318757122605,0.004155545838081737,-3.2621034828941635,square,2,0.2,0.25,27,54,6.089971303939819,0.0
1779528335.3054154,0.0,0.0,-0.050614548307835565,-0.006233318757122605,0.004155545838081737,-3.2621034828941635,-0.0396,1.6632,-0.5544000000000001,0.0,0.0,-0.2,0.0,0.0,-0.07853981633974483,-0.0020777729190408684,0.0,-2.8153823053003766,square,2,0.2,0.25,27,54,6.099972486495972,0.0
1779528335.3154135,0.0,0.0,-0.07853981633974483,-0.0020777729190408684,0.0,-2.8153823053003766,-0.0396,1.7424,-1.3068,0.0,0.0,-0.2,0.0,0.0,-0.07853981633974483,-0.0020777729190408684,0.0,-2.8153823053003766,square,2,0.2,0.25,27,54,6.109973907470703,0.0
1779528335.3254206,0.0,0.0,-0.07853981633974483,-0.0020777729190408684,0.0,-2.8153823053003766,-0.0396,1.7424,-1.3068,0.0,0.0,-0.2,0.0,0.0,-0.07853981633974483,-0.0020777729190408684,0.0,-2.8153823053003766,square,2,0.2,0.25,27,54,6.119971990585327,0.0
1779528335.3354156,0.0,0.0,-0.07853981633974483,-0.0020777729190408684,0.0,-2.8153823053003766,-0.0396,1.7424,-1.3068,0.0,0.0,-0.2,0.0,0.0,-0.1343903524035634,0.0,0.0,-1.6310517414470818,square,2,0.2,0.25,27,54,6.129979133605957,0.0
1779528335.3454149,0.0,0.0,-0.1343903524035634,0.0,0.0,-1.6310517414470818,-0.1188,1.5444,-0.0792,0.0,0.0,-0.2,0.0,0.0,-0.14835298641951802,0.0,0.0,-1.342241305700401,square,2,0.2,0.25,27,54,6.139974117279053,0.0
1779528335.355413,0.0,0.0,-0.14835298641951802,0.0,0.0,-1.342241305700401,-0.1584,1.5048000000000001,-0.0396,0.0,0.0,-0.2,0.0,0.0,-0.158824961931484,0.0,0.0,-1.103297420010701,square,2,0.2,0.25,27,54,6.149973392486572,0.0
1779528335.3654132,0.0,0.0,-0.158824961931484,0.0,0.0,-1.103297420010701,-0.0792,1.3860000000000001,0.1584,0.0,0.0,-0.2,0.0,0.0,-0.1658062789394613,-0.0020777729190408684,0.0,-0.9017534468637369,square,2,0.2,0.25,27,54,6.159971475601196,0.0
1779528335.375417,0.0,0.0,-0.1658062789394613,-0.0020777729190408684,0.0,-0.9017534468637369,-0.0396,1.3464,-0.0396,0.0,0.0,-0.2,0.0,0.0,-0.17278759594743864,0.0,0.0,-0.7292982945833448,square,2,0.2,0.25,27,54,6.169971704483032,0.0
1779528335.3854172,0.0,0.0,-0.17278759594743864,0.0,0.0,-0.7292982945833448,-0.0792,1.3860000000000001,0.0396,0.0,0.0,-0.2,0.0,0.0,-0.17976891295541597,0.0,0.0,-0.583854190250484,square,2,0.2,0.25,27,54,6.179975509643555,0.0
1779528335.395413,0.0,0.0,-0.17976891295541597,0.0,0.0,-0.583854190250484,-0.0792,1.4255999999999998,0.0396,0.0,0.0,-0.2,0.0,0.0,-0.1832595714594046,0.0,0.0,-0.48204331721748145,square,2,0.2,0.25,27,54,6.189975738525391,0.0
1779528335.4054158,0.0,0.0,-0.1832595714594046,0.0,0.0,-0.48204331721748145,-0.0792,1.3068,0.1584,0.0,0.0,-0.2,0.0,0.0,-0.1867502299633933,0.0,0.0,-0.37192135250831543,square,2,0.2,0.25,27,54,6.199971437454224,0.0
1779528335.415413,0.0,0.0,-0.1867502299633933,0.0,0.0,-0.37192135250831543,-0.0396,1.4652,0.1584,0.0,0.0,-0.2,0.0,0.0,-0.19024088846738194,0.0,0.0,-0.30543261909900765,square,2,0.2,0.25,27,54,6.20997428894043,0.0
1779528335.4254143,0.0,0.0,-0.19024088846738194,0.0,0.0,-0.30543261909900765,0.0792,1.3860000000000001,-0.2376,0.0,0.0,-0.2,0.0,0.0,-0.19198621771937624,0.0,0.0,-0.2243994752564138,square,2,0.2,0.25,27,54,6.219971418380737,0.0
1779528335.4354322,0.0,0.0,-0.19198621771937624,0.0,0.0,-0.2243994752564138,-0.0792,1.3860000000000001,0.5148,0.0,0.0,-0.2,0.0,0.0,-0.1937315469713706,0.004155545838081737,0.0,-0.19115510855175988,square,2,0.2,0.25,27,54,6.229972839355469,0.0
1779528335.445414,0.0,0.0,-0.1937315469713706,0.004155545838081737,0.0,-0.19115510855175988,0.27720000000000006,1.2672,0.27720000000000006,0.0,0.0,-0.2,0.0,0.0,-0.1954768762233649,0.004155545838081737,0.0,-0.15375519600902426,square,2,0.2,0.25,27,54,6.239990711212158,0.0
1779528335.4554167,0.0,0.0,-0.1954768762233649,0.004155545838081737,0.0,-0.15375519600902426,0.3168,1.3860000000000001,0.1188,0.0,0.0,-0.2,0.0,0.0,-0.1954768762233649,0.0020777729190408684,-0.0020777729190408684,-0.11427751054724776,square,2,0.2,0.25,27,54,6.249972581863403,0.0
1779528335.465416,0.0,0.0,-0.1954768762233649,0.0020777729190408684,-0.0020777729190408684,-0.11427751054724776,0.3168,1.2672,0.396,0.0,0.0,-0.2,0.0,0.0,-0.19722220547535924,0.0,0.0,-0.08103314384259387,square,2,0.2,0.25,27,54,6.25997519493103,0.0
1779528335.4754117,0.0,0.0,-0.19722220547535924,0.0,0.0,-0.08103314384259387,0.2376,1.2276,0.6336,0.0,0.0,-0.2,0.0,0.0,-0.19722220547535924,-0.0020777729190408684,-0.0020777729190408684,-0.05194432297602171,square,2,0.2,0.25,27,54,6.26997447013855,0.0
1779528335.485414,0.0,0.0,-0.19722220547535924,-0.0020777729190408684,-0.0020777729190408684,-0.05194432297602171,-0.1188,1.2672,0.8712,0.0,0.0,-0.2,0.0,0.0,-0.19722220547535924,-0.004155545838081737,0.0020777729190408684,-0.04986655005698084,square,2,0.2,0.25,27,54,6.279970169067383,0.0
1779528335.4954746,0.0,0.0,-0.19722220547535924,-0.004155545838081737,0.0020777729190408684,-0.04986655005698084,0.0,1.3464,0.5940000000000001,0.0,0.0,-0.2,0.0,0.0,-0.1989675347273536,-0.0020777729190408684,0.0,-0.035322139623694765,square,2,0.2,0.25,27,54,6.289972543716431,0.0
1779528335.5054188,0.0,0.0,-0.1989675347273536,-0.0020777729190408684,0.0,-0.035322139623694765,-0.0792,1.2672,0.7127999999999999,0.0,0.0,-0.2,0.0,0.0,-0.1989675347273536,0.0,0.0,-0.020777729190408684,square,2,0.2,0.25,27,54,6.300033092498779,0.0
1779528335.5154984,0.0,0.0,-0.1989675347273536,0.0,0.0,-0.020777729190408684,0.0,1.3464,0.792,0.0,0.0,-0.2,0.0,0.0,-0.1989675347273536,0.0,0.0,-0.018699956271367814,square,2,0.2,0.25,27,54,6.309977293014526,0.0
1779528335.5254197,0.0,0.0,-0.1989675347273536,0.0,0.0,-0.018699956271367814,0.0396,1.2672,0.5940000000000001,0.0,0.0,-0.2,0.0,0.0,-0.1989675347273536,0.0020777729190408684,0.0020777729190408684,-0.022855502109449553,square,2,0.2,0.25,27,54,6.320056915283203,0.0
1779528335.5354607,0.0,0.0,-0.1989675347273536,0.0020777729190408684,0.0020777729190408684,-0.022855502109449553,-0.1188,1.3860000000000001,0.1584,0.0,0.0,-0.2,0.0,0.0,-0.1989675347273536,0.0020777729190408684,0.0,-0.01246663751424521,square,2,0.2,0.25,27,54,6.3299782276153564,0.0
1779528335.545447,0.0,0.0,-0.1989675347273536,0.0020777729190408684,0.0,-0.01246663751424521,0.2376,1.2672,0.2376,0.0,0.0,-0.2,0.0,0.0,-0.1989675347273536,0.0,0.0,-0.006233318757122605,square,2,0.2,0.25,27,54,6.340019226074219,0.0
1779528335.5554142,0.0,0.0,-0.1989675347273536,0.0,0.0,-0.006233318757122605,-0.2376,1.1880000000000002,0.3168,0.0,0.0,-0.2,0.0,0.0,-0.1989675347273536,0.0,0.0,-0.0020777729190408684,square,2,0.2,0.25,27,54,6.350005626678467,0.0
1779528335.5654247,0.0,0.0,-0.1989675347273536,0.0,0.0,-0.0020777729190408684,0.198,1.1880000000000002,0.35639999999999994,0.0,0.0,-0.2,0.0,0.0,-0.1989675347273536,-0.0020777729190408684,0.0,0.0,square,2,0.2,0.25,27,54,6.359972715377808,0.0
1779528335.5754144,0.0,0.0,-0.1989675347273536,-0.0020777729190408684,0.0,0.0,-0.0792,1.1483999999999999,0.396,0.0,0.0,-0.2,0.0,0.0,-0.1989675347273536,-0.0020777729190408684,0.0,0.0,square,2,0.2,0.25,27,54,6.369983196258545,0.0
1779528335.585428,0.0,0.0,-0.1989675347273536,-0.0020777729190408684,0.0,0.0,-0.0792,1.2672,0.27720000000000006,0.0,0.0,-0.2,0.0,0.0,-0.1989675347273536,0.0,0.0,0.0,square,2,0.2,0.25,27,54,6.3799729347229,0.0
1779528335.5954144,0.0,0.0,-0.1989675347273536,0.0,0.0,0.0,-0.0396,1.3464,0.3168,0.0,0.0,-0.2,0.0,0.0,-0.1989675347273536,0.0,0.0,0.0,square,2,0.2,0.25,27,54,6.389986515045166,0.0
1779528335.6054165,0.0,0.0,-0.1989675347273536,0.0,0.0,0.0,-0.0792,1.1483999999999999,0.3168,0.0,0.0,-0.2,0.0,0.0,-0.1989675347273536,-0.0020777729190408684,0.0,0.0,square,2,0.2,0.25,27,54,6.399972915649414,0.0
1779528335.615403,0.0,0.0,-0.1989675347273536,-0.0020777729190408684,0.0,0.0,0.0396,1.2672,0.198,0.0,0.0,-0.2,0.0,0.0,-0.1989675347273536,0.0,-0.0020777729190408684,0.0,square,2,0.2,0.25,27,54,6.409975051879883,0.0
1779528335.6254194,0.0,0.0,-0.1989675347273536,0.0,-0.0020777729190408684,0.0,-0.0396,1.2672,0.3168,0.0,0.0,-0.2,0.0,0.0,-0.1989675347273536,0.0,0.0,0.0,square,2,0.2,0.25,27,54,6.419961452484131,0.0
1779528335.635421,0.0,0.0,-0.1989675347273536,0.0,0.0,0.0,-0.0792,1.3068,0.1188,0.0,0.0,-0.2,0.0,0.0,-0.1989675347273536,0.0020777729190408684,0.0,0.0,square,2,0.2,0.25,27,54,6.429977893829346,0.0
1779528335.6454167,0.0,0.0,-0.1989675347273536,0.0020777729190408684,0.0,0.0,-0.1188,1.1483999999999999,0.27720000000000006,0.0,0.0,-0.2,0.0,0.0,-0.1989675347273536,0.0,0.0,0.0,square,2,0.2,0.25,27,54,6.439979553222656,0.0
1779528335.655414,0.0,0.0,-0.1989675347273536,0.0,0.0,0.0,0.198,1.1483999999999999,0.1584,0.0,0.0,-0.2,0.0,0.0,-0.1989675347273536,0.006233318757122605,0.0,0.0,square,2,0.2,0.25,27,54,6.449975252151489,0.0
1779528335.6654127,0.0,0.0,-0.1989675347273536,0.006233318757122605,0.0,0.0,0.2376,1.2276,0.1188,0.0,0.0,-0.2,0.0,0.0,-0.1989675347273536,0.0020777729190408684,0.0,0.0,square,2,0.2,0.25,27,54,6.459972620010376,0.0
1779528335.6754665,0.0,0.0,-0.1989675347273536,0.0020777729190408684,0.0,0.0,0.198,1.2672,-0.198,0.0,0.0,-0.2,0.0,0.0,-0.1989675347273536,0.0020777729190408684,0.0,0.0,square,2,0.2,0.25,27,54,6.469971179962158,0.0
1779528335.6854472,0.0,0.0,-0.1989675347273536,0.0020777729190408684,0.0,0.0,0.198,1.2672,-0.198,0.0,0.0,-0.2,0.0,0.0,-0.1989675347273536,0.0,0.0020777729190408684,0.0,square,2,0.2,0.25,27,54,6.480025053024292,0.0
1779528335.6954234,0.0,0.0,-0.1989675347273536,0.0,0.0020777729190408684,0.0,-0.0792,1.2276,-0.0792,0.0,0.0,-0.2,0.0,0.0,-0.1989675347273536,-0.004155545838081737,0.0,0.0,square,2,0.2,0.25,27,54,6.490005731582642,0.0
1779528335.7054121,0.0,0.0,-0.1989675347273536,-0.004155545838081737,0.0,0.0,0.0,1.3464,-0.1584,0.0,0.0,-0.2,0.0,0.0,-0.1989675347273536,-0.0020777729190408684,0.0,0.0,square,2,0.2,0.25,27,54,6.499981880187988,0.0
1779528335.7154396,0.0,0.0,-0.1989675347273536,-0.0020777729190408684,0.0,0.0,0.0,1.2672,-0.198,0.0,0.0,-0.2,0.0,0.0,-0.1989675347273536,0.0020777729190408684,0.0,0.0,square,2,0.2,0.25,27,54,6.509970664978027,0.0
1779528335.7254913,0.0,0.0,-0.1989675347273536,0.0020777729190408684,0.0,0.0,-0.0792,1.3464,-0.0792,0.0,0.0,-0.2,0.0,0.0,-0.1989675347273536,0.0,0.0,0.0,square,2,0.2,0.25,27,54,6.519998073577881,0.0
1779528335.7354112,0.0,0.0,-0.1989675347273536,0.0,0.0,0.0,-0.0792,1.2276,-0.0792,0.0,0.0,-0.2,0.0,0.0,-0.1989675347273536,0.0020777729190408684,0.0,0.0,square,2,0.2,0.25,27,54,6.530049800872803,0.0
1779528335.745419,0.0,0.0,-0.1989675347273536,0.0020777729190408684,0.0,0.0,-0.1584,1.1088000000000002,0.0396,0.0,0.0,-0.2,0.0,0.0,-0.1989675347273536,0.0020777729190408684,0.0,0.0,square,2,0.2,0.25,27,54,6.5399696826934814,0.0
1779528335.7554133,0.0,0.0,-0.1989675347273536,0.0020777729190408684,0.0,0.0,-0.198,1.1483999999999999,-0.0396,0.0,0.0,-0.2,0.0,0.0,-0.1989675347273536,0.0,0.0,0.0020777729190408684,square,2,0.2,0.25,27,54,6.549977540969849,0.0
1779528335.7654111,0.0,0.0,-0.1989675347273536,0.0,0.0,0.0020777729190408684,-0.1584,1.2276,-0.1584,0.0,0.0,-0.2,0.0,0.0,-0.1989675347273536,0.0,0.0,0.0,square,2,0.2,0.25,27,54,6.559971809387207,0.0
1779528335.775415,0.0,0.0,-0.1989675347273536,0.0,0.0,0.0,-0.0792,1.2276,-0.0792,0.0,0.0,-0.2,0.0,0.0,-0.1989675347273536,0.0,0.0,0.0,square,2,0.2,0.25,27,54,6.569969654083252,0.0
1779528335.7854187,0.0,0.0,-0.1989675347273536,0.0,0.0,0.0,-0.1584,1.2276,-0.1188,0.0,0.0,-0.2,0.0,0.0,-0.1989675347273536,0.0,0.0,0.0020777729190408684,square,2,0.2,0.25,27,54,6.579973459243774,0.0
1779528335.7954967,0.0,0.0,-0.1989675347273536,0.0,0.0,0.0020777729190408684,-0.1584,1.1088000000000002,0.0396,0.0,0.0,-0.2,0.0,0.0,-0.1989675347273536,0.0,0.0,0.0,square,2,0.2,0.25,27,54,6.589977264404297,0.0
1779528335.8054154,0.0,0.0,-0.1989675347273536,0.0,0.0,0.0,-0.0396,1.1880000000000002,0.0,0.0,0.0,-0.2,0.0,0.0,-0.1989675347273536,0.0,0.0,0.0,square,2,0.2,0.25,27,54,6.60005521774292,0.0
1779528335.8154151,0.0,0.0,-0.1989675347273536,0.0,0.0,0.0,-0.0396,1.1880000000000002,0.0396,0.0,0.0,-0.2,0.0,0.0,-0.1989675347273536,0.0,0.0,0.0,square,2,0.2,0.25,27,54,6.609973907470703,0.0
1779528335.825427,0.0,0.0,-0.1989675347273536,0.0,0.0,0.0,-0.0792,1.1088000000000002,0.0396,0.0,0.0,-0.2,0.0,0.0,-0.1989675347273536,0.0,0.0020777729190408684,0.0,square,2,0.2,0.25,27,54,6.619973659515381,0.0
1779528335.8354194,0.0,0.0,-0.1989675347273536,0.0,0.0020777729190408684,0.0,-0.1188,1.1880000000000002,0.0396,0.0,0.0,-0.2,0.0,0.0,-0.1989675347273536,0.0,0.0,0.0,square,2,0.2,0.25,27,54,6.629985570907593,0.0
1779528335.8454165,0.0,0.0,-0.1989675347273536,0.0,0.0,0.0,-0.198,1.0692,0.0396,0.0,0.0,-0.2,0.0,0.0,-0.1989675347273536,0.004155545838081737,0.0,0.0,square,2,0.2,0.25,27,54,6.639977931976318,0.0
1779528335.8554182,0.0,0.0,-0.1989675347273536,0.004155545838081737,0.0,0.0,0.1584,1.1880000000000002,0.0,0.0,0.0,-0.2,0.0,0.0,-0.1989675347273536,0.0020777729190408684,0.0,0.0,square,2,0.2,0.25,27,54,6.649975061416626,0.0
1779528335.8654182,0.0,0.0,-0.1989675347273536,0.0020777729190408684,0.0,0.0,-0.1584,1.1880000000000002,-0.1188,0.0,0.0,-0.2,0.0,0.0,-0.1989675347273536,0.0,0.0,0.0,square,2,0.2,0.25,27,54,6.6599767208099365,0.0
1779528335.8754117,0.0,0.0,-0.1989675347273536,0.0,0.0,0.0,-0.1584,1.1088000000000002,-0.0792,0.0,0.0,-0.2,0.0,0.0,-0.1989675347273536,0.0,0.0,0.0,square,2,0.2,0.25,27,54,6.669976711273193,0.0
1779528335.8854158,0.0,0.0,-0.1989675347273536,0.0,0.0,0.0,-0.1188,1.1088000000000002,-0.0396,0.0,0.0,-0.2,0.0,0.0,-0.1989675347273536,-0.0020777729190408684,0.0,0.0,square,2,0.2,0.25,27,54,6.6799702644348145,0.0
1779528335.895415,0.0,0.0,-0.1989675347273536,-0.0020777729190408684,0.0,0.0,0.0,1.1880000000000002,-0.0396,0.0,0.0,-0.2,0.0,0.0,-0.1989675347273536,0.0,0.0,0.0,square,2,0.2,0.25,27,54,6.689974308013916,0.0
1779528335.905411,0.0,0.0,-0.1989675347273536,0.0,0.0,0.0,-0.0396,1.1880000000000002,-0.1188,0.0,0.0,-0.2,0.0,0.0,-0.1989675347273536,0.0,0.0,0.0,square,2,0.2,0.25,27,54,6.6999735832214355,0.0
1779528335.915415,0.0,0.0,-0.1989675347273536,0.0,0.0,0.0,-0.0792,1.1880000000000002,0.0,0.0,0.0,-0.2,0.0,0.0,-0.1989675347273536,0.0,0.0,-0.0020777729190408684,square,2,0.2,0.25,27,54,6.709969520568848,0.0
1779528335.9254127,0.0,0.0,-0.1989675347273536,0.0,0.0,-0.0020777729190408684,0.0396,1.0296,-0.1188,0.0,0.0,-0.2,0.0,0.0,-0.1989675347273536,0.0,0.0,0.0,square,2,0.2,0.25,27,54,6.719973564147949,0.0
1779528335.9354172,0.0,0.0,-0.1989675347273536,0.0,0.0,0.0,-0.1188,1.0692,0.0396,0.0,0.0,-0.2,0.0,0.0,-0.1989675347273536,0.0,0.0,0.0,square,2,0.2,0.25,27,54,6.729971170425415,0.0
1779528335.9454165,0.0,0.0,-0.1989675347273536,0.0,0.0,0.0,0.198,1.0692,0.0,0.0,0.0,-0.2,0.0,0.0,-0.1989675347273536,0.0020777729190408684,0.0,0.0,square,2,0.2,0.25,27,54,6.739975690841675,0.0
1779528335.9554179,0.0,0.0,-0.1989675347273536,0.0020777729190408684,0.0,0.0,0.198,1.1880000000000002,-0.1188,0.0,0.0,-0.2,0.0,0.0,-0.1989675347273536,0.0,0.0,0.0,square,2,0.2,0.25,27,54,6.749974966049194,0.0
1779528335.9654117,0.0,0.0,-0.1989675347273536,0.0,0.0,0.0,-0.1584,1.1880000000000002,-0.0792,0.0,0.0,-0.2,0.0,0.0,-0.1989675347273536,0.0,0.0,0.0,square,2,0.2,0.25,27,54,6.759976387023926,0.0
1779528335.9754148,0.0,0.0,-0.1989675347273536,0.0,0.0,0.0,-0.0792,1.1088000000000002,0.0,0.0,0.0,-0.2,0.0,0.0,-0.1989675347273536,0.0,0.0,0.0,square,2,0.2,0.25,27,54,6.769970178604126,0.0
1779528335.9854174,0.0,0.0,-0.1989675347273536,0.0,0.0,0.0,-0.0792,1.0692,-0.1188,0.0,0.0,-0.2,0.0,0.0,-0.1989675347273536,0.0,0.0020777729190408684,0.0,square,2,0.2,0.25,27,54,6.779973268508911,0.0
1779528335.9954336,0.0,0.0,-0.1989675347273536,0.0,0.0020777729190408684,0.0,-0.0396,1.0296,-0.0396,0.0,0.0,-0.2,0.0,0.0,-0.1989675347273536,0.0,0.0,0.0,square,2,0.2,0.25,27,54,6.789975881576538,0.0
1779528336.0054219,0.0,0.0,-0.1989675347273536,0.0,0.0,0.0,-0.1188,1.1880000000000002,0.0,0.0,0.0,-0.2,0.0,0.0,-0.1989675347273536,0.0,0.0,-0.0020777729190408684,square,2,0.2,0.25,27,54,6.799992084503174,0.0
1779528336.0154343,0.0,0.0,-0.1989675347273536,0.0,0.0,-0.0020777729190408684,-0.0792,1.1483999999999999,0.0,0.0,0.0,-0.2,0.0,0.0,-0.1989675347273536,0.0,-0.0020777729190408684,0.0020777729190408684,square,2,0.2,0.25,27,54,6.809980392456055,0.0
1779528336.0254176,0.0,0.0,-0.1989675347273536,0.0,-0.0020777729190408684,0.0020777729190408684,-0.0792,1.1880000000000002,0.0,0.0,0.0,-0.2,0.0,0.0,-0.1989675347273536,0.0,0.0,0.0,square,2,0.2,0.25,27,54,6.819992780685425,0.0
1779528336.035418,0.0,0.0,-0.1989675347273536,0.0,0.0,0.0,-0.1584,1.0296,0.0,0.0,0.0,-0.2,0.0,0.0,-0.1989675347273536,0.0,0.0,0.0,square,2,0.2,0.25,27,54,6.8299760818481445,0.0
1779528336.0457823,0.0,0.0,-0.1989675347273536,0.0,0.0,0.0,-0.1584,1.1880000000000002,0.0,0.0,0.0,-0.2,0.0,0.0,-0.1989675347273536,0.0,0.0,0.0,square,2,0.2,0.25,27,54,6.83997654914856,0.0
1779528336.0554142,0.0,0.0,-0.1989675347273536,0.0,0.0,0.0,-0.1584,1.0296,-0.0792,0.0,0.0,-0.2,0.0,0.0,-0.1989675347273536,0.0,0.0,0.0,square,2,0.2,0.25,27,54,6.850340843200684,0.0
1779528336.065414,0.0,0.0,-0.1989675347273536,0.0,0.0,0.0,-0.1188,1.1088000000000002,-0.0396,0.0,0.0,-0.2,0.0,0.0,-0.1989675347273536,0.0,0.0,0.0,square,2,0.2,0.25,27,54,6.859972715377808,0.0
1779528336.075411,0.0,0.0,-0.1989675347273536,0.0,0.0,0.0,-0.1188,1.0692,0.0,0.0,0.0,-0.2,0.0,0.0,-0.1989675347273536,0.0,0.0,0.0,square,2,0.2,0.25,27,54,6.869972467422485,0.0
1779528336.0855541,0.0,0.0,-0.1989675347273536,0.0,0.0,0.0,-0.0396,1.0296,-0.1188,0.0,0.0,-0.2,0.0,0.0,-0.1989675347273536,0.0,0.0020777729190408684,0.0,square,2,0.2,0.25,27,54,6.879969596862793,0.0
1779528336.095421,0.0,0.0,-0.1989675347273536,0.0,0.0020777729190408684,0.0,-0.0396,1.1880000000000002,-0.0792,0.0,0.0,-0.2,0.0,0.0,-0.1989675347273536,0.0,0.0020777729190408684,0.0,square,2,0.2,0.25,27,54,6.890112638473511,0.0
1779528336.105416,0.0,0.0,-0.1989675347273536,0.0,0.0020777729190408684,0.0,-0.0396,1.1880000000000002,-0.0792,0.0,0.0,-0.2,0.0,0.0,-0.1989675347273536,0.0,0.0,0.0,square,2,0.2,0.25,27,54,6.899979591369629,0.0
1779528336.1154175,0.0,0.0,-0.1989675347273536,0.0,0.0,0.0,-0.1188,1.0296,-0.0792,0.0,0.0,-0.2,0.0,0.0,-0.1989675347273536,0.0,0.0,0.0,square,2,0.2,0.25,27,54,6.909974575042725,0.0
1779528336.1254199,0.0,0.0,-0.1989675347273536,0.0,0.0,0.0,-0.1188,1.1483999999999999,0.0396,0.0,0.0,-0.2,0.0,0.0,-0.1989675347273536,0.0,0.0020777729190408684,0.0,square,2,0.2,0.25,27,54,6.919975996017456,0.0
1779528336.135498,0.0,0.0,-0.1989675347273536,0.0,0.0020777729190408684,0.0,-0.1188,1.1088000000000002,0.0,0.0,0.0,-0.2,0.0,0.0,-0.1989675347273536,0.0,0.0,0.0,square,2,0.2,0.25,27,54,6.929978370666504,0.0
1779528336.1454248,0.0,0.0,-0.1989675347273536,0.0,0.0,0.0,-0.1188,1.1880000000000002,-0.0396,0.0,0.0,-0.2,0.0,0.0,-0.1989675347273536,0.0020777729190408684,0.0,0.0020777729190408684,square,2,0.2,0.25,27,54,6.940056562423706,0.0
1779528336.1554165,0.0,0.0,-0.1989675347273536,0.0020777729190408684,0.0,0.0020777729190408684,-0.1188,0.99,-0.1188,0.0,0.0,-0.2,0.0,0.0,-0.1989675347273536,0.0,0.0,0.0,square,2,0.2,0.25,27,54,6.949983358383179,0.0
1779528336.165473,0.0,0.0,-0.1989675347273536,0.0,0.0,0.0,-0.0792,1.1880000000000002,0.0,0.0,0.0,-0.2,0.0,0.0,-0.1989675347273536,0.0,0.0,0.0,square,2,0.2,0.25,27,54,6.959975004196167,0.0
1779528336.1754158,0.0,0.0,-0.1989675347273536,0.0,0.0,0.0,-0.0396,1.0296,-0.0396,0.0,0.0,-0.2,0.0,0.0,-0.1989675347273536,0.0,0.0,0.0,square,2,0.2,0.25,27,54,6.970031499862671,0.0
1779528336.1854153,0.0,0.0,-0.1989675347273536,0.0,0.0,0.0,-0.0396,1.1088000000000002,0.0,0.0,0.0,-0.2,0.0,0.0,-0.1989675347273536,0.0,0.0,0.0,square,2,0.2,0.25,27,54,6.979974269866943,0.0
1779528336.1953952,0.0,0.0,-0.1989675347273536,0.0,0.0,0.0,-0.0396,0.99,-0.0792,0.0,0.0,-0.2,0.0,0.0,-0.1989675347273536,0.0,0.0,0.0,square,2,0.2,0.25,27,54,6.989973783493042,0.0
1779528336.2054152,0.0,0.0,-0.1989675347273536,0.0,0.0,0.0,-0.0396,1.0296,0.0792,0.0,0.0,-0.2,0.0,0.0,-0.1989675347273536,0.0,0.0,0.0,square,2,0.2,0.25,27,54,6.999953746795654,0.0
1779528336.2154212,0.0,0.0,-0.1989675347273536,0.0,0.0,0.0,-0.0792,1.0692,0.0,0.0,0.0,-0.2,0.0,0.0,-0.1989675347273536,0.0020777729190408684,0.0,0.0020777729190408684,square,2,0.2,0.25,27,54,7.009973764419556,0.0
1779528336.225528,0.0,0.0,-0.1989675347273536,0.0020777729190408684,0.0,0.0020777729190408684,-0.0792,1.1088000000000002,-0.0396,0.0,0.0,-0.2,0.0,0.0,-0.1989675347273536,-0.0020777729190408684,0.0,0.0,square,2,0.2,0.25,27,54,7.01997971534729,0.0
1779528336.235415,0.0,0.0,-0.1989675347273536,-0.0020777729190408684,0.0,0.0,-0.0792,1.1483999999999999,-0.0396,0.0,0.0,-0.2,0.0,0.0,-0.1989675347273536,0.0,0.0,0.0,square,2,0.2,0.25,27,54,7.030086517333984,0.0
1779528336.2454214,0.0,0.0,-0.1989675347273536,0.0,0.0,0.0,-0.1188,1.0296,-0.0396,0.0,0.0,-0.2,0.0,0.0,-0.1989675347273536,0.0,0.0,0.0,square,2,0.2,0.25,27,54,7.039973497390747,0.0
1779528336.2554128,0.0,0.0,-0.1989675347273536,0.0,0.0,0.0,-0.0396,0.99,-0.0396,0.0,0.0,-0.2,0.0,0.0,-0.1989675347273536,0.0,0.0,0.0020777729190408684,square,2,0.2,0.25,27,54,7.04997992515564,0.0
1779528336.265414,0.0,0.0,-0.1989675347273536,0.0,0.0,0.0020777729190408684,-0.1584,1.1483999999999999,0.0396,0.0,0.0,-0.2,0.0,0.0,-0.1989675347273536,0.0,0.0,0.0020777729190408684,square,2,0.2,0.25,27,54,7.059971332550049,0.0
1779528336.2754176,0.0,0.0,-0.1989675347273536,0.0,0.0,0.0020777729190408684,-0.0792,1.1088000000000002,-0.0396,0.0,0.0,-0.2,0.0,0.0,-0.1989675347273536,0.0,0.0,0.0,square,2,0.2,0.25,27,54,7.069972515106201,0.0
1779528336.2854164,0.0,0.0,-0.1989675347273536,0.0,0.0,0.0,-0.0792,1.0296,0.1188,0.0,0.0,-0.2,0.0,0.0,-0.1989675347273536,0.0,0.0,0.0,square,2,0.2,0.25,27,54,7.0799760818481445,0.0
1779528336.2954187,0.0,0.0,-0.1989675347273536,0.0,0.0,0.0,-0.1188,1.1088000000000002,0.0,0.0,0.0,-0.2,0.0,0.0,-0.1989675347273536,0.0,0.0,0.0,square,2,0.2,0.25,27,54,7.089974880218506,0.0
1779528336.3054123,0.0,0.0,-0.1989675347273536,0.0,0.0,0.0,-0.198,1.1088000000000002,0.0,0.0,0.0,-0.2,0.0,0.0,-0.1989675347273536,0.0,0.0,0.0,square,2,0.2,0.25,27,54,7.099977254867554,0.0
1779528336.31567,0.0,0.0,-0.1989675347273536,0.0,0.0,0.0,-0.1188,1.1088000000000002,0.0,0.0,0.0,-0.2,0.0,0.0,-0.1989675347273536,0.0,0.0,0.0,square,2,0.2,0.25,27,54,7.109970808029175,0.0
1779528336.325414,0.0,0.0,-0.1989675347273536,0.0,0.0,0.0,-0.0792,1.0692,-0.0792,0.0,0.0,-0.2,0.0,0.0,-0.1989675347273536,0.0020777729190408684,0.0,0.0,square,2,0.2,0.25,27,54,7.12022852897644,0.0
1779528336.335949,0.0,0.0,-0.1989675347273536,0.0020777729190408684,0.0,0.0,0.198,1.1483999999999999,0.0396,0.0,0.0,-0.2,0.0,0.0,-0.1989675347273536,0.0,0.0,0.0,square,2,0.2,0.25,27,54,7.129972457885742,0.0
1779528336.3453836,0.0,0.0,-0.1989675347273536,0.0,0.0,0.0,-0.1188,1.1088000000000002,0.0396,0.0,0.0,-0.2,0.0,0.0,-0.1989675347273536,-0.0020777729190408684,0.0,0.0,square,2,0.2,0.25,27,54,7.140507459640503,0.0
1779528336.3554146,0.0,0.0,-0.1989675347273536,-0.0020777729190408684,0.0,0.0,-0.0792,1.1088000000000002,-0.0792,0.0,0.0,-0.2,0.0,0.0,-0.1989675347273536,0.0020777729190408684,0.0,0.0,square,2,0.2,0.25,27,54,7.14994215965271,0.0
1779528336.3654215,0.0,0.0,-0.1989675347273536,0.0020777729190408684,0.0,0.0,-0.0792,1.1088000000000002,0.0,0.0,0.0,-0.2,0.0,0.0,-0.1989675347273536,0.0,0.0,0.0,square,2,0.2,0.25,27,54,7.15997314453125,0.0
1779528336.3754137,0.0,0.0,-0.1989675347273536,0.0,0.0,0.0,-0.1188,1.1880000000000002,0.0396,0.0,0.0,-0.2,0.0,0.0,-0.1989675347273536,0.0,0.0,0.0,square,2,0.2,0.25,27,54,7.169980049133301,0.0
1779528336.3854275,0.0,0.0,-0.1989675347273536,0.0,0.0,0.0,-0.1188,1.1483999999999999,0.0792,0.0,0.0,-0.2,0.0,0.0,-0.1989675347273536,0.0,0.0,0.0,square,2,0.2,0.25,27,54,7.179972171783447,0.0
1779528336.3956003,0.0,0.0,-0.1989675347273536,0.0,0.0,0.0,-0.1188,1.1483999999999999,0.0792,0.0,0.0,-0.2,0.0,0.0,-0.1989675347273536,0.0,0.0,0.0,square,2,0.2,0.25,27,54,7.189985990524292,0.0
1779528336.405398,0.0,0.0,-0.1989675347273536,0.0,0.0,0.0,-0.0792,0.99,0.0,0.0,0.0,-0.2,0.0,0.0,-0.1989675347273536,0.0,0.0,0.0,square,2,0.2,0.25,27,54,7.2001588344573975,0.0
1779528336.4154937,0.0,0.0,-0.1989675347273536,0.0,0.0,0.0,-0.0792,0.99,0.0,0.0,0.0,-0.2,0.0,0.0,-0.1989675347273536,0.0,0.0,0.0,square,2,0.2,0.25,27,54,7.209956407546997,0.0
1779528336.4254224,0.0,0.0,-0.1989675347273536,0.0,0.0,0.0,-0.1188,1.0296,0.0,0.0,0.0,-0.2,0.0,0.0,-0.1989675347273536,0.0,0.0,0.0,square,2,0.2,0.25,27,54,7.220052242279053,0.0
1779528336.4354453,0.0,0.0,-0.1989675347273536,0.0,0.0,0.0,-0.1188,1.0296,-0.0792,0.0,0.0,-0.2,0.0,0.0,-0.1989675347273536,-0.0020777729190408684,0.0,0.0,square,2,0.2,0.25,27,54,7.229980945587158,0.0
1779528336.4454148,0.0,0.0,-0.1989675347273536,-0.0020777729190408684,0.0,0.0,-0.1188,1.0296,-0.0396,0.0,0.0,-0.2,0.0,0.0,-0.1989675347273536,0.0,0.0,0.0,square,2,0.2,0.25,27,54,7.240003824234009,0.0
1779528336.455417,0.0,0.0,-0.1989675347273536,0.0,0.0,0.0,-0.1188,0.99,0.0792,0.0,0.0,-0.2,0.0,0.0,-0.1989675347273536,-0.0020777729190408684,0.0,0.0,square,2,0.2,0.25,27,54,7.249973297119141,0.0
1779528336.4654934,0.0,0.0,-0.1989675347273536,-0.0020777729190408684,0.0,0.0,-0.0792,0.99,-0.0396,0.0,0.0,-0.2,0.0,0.0,-0.1989675347273536,0.0020777729190408684,0.0,0.0,square,2,0.2,0.25,27,54,7.259975433349609,0.0
1779528336.4754152,0.0,0.0,-0.1989675347273536,0.0020777729190408684,0.0,0.0,-0.1188,1.0296,0.0396,0.0,0.0,-0.2,0.0,0.0,-0.1989675347273536,0.0020777729190408684,0.0,0.0,square,2,0.2,0.25,27,54,7.270051956176758,0.0
1779528336.4855473,0.0,0.0,-0.1989675347273536,0.0020777729190408684,0.0,0.0,-0.0396,1.1483999999999999,0.0,0.0,0.0,-0.2,0.0,0.0,-0.1989675347273536,0.0,0.0,0.0,square,2,0.2,0.25,27,54,7.279973745346069,0.0
1779528336.4954152,0.0,0.0,-0.1989675347273536,0.0,0.0,0.0,-0.1188,1.1483999999999999,0.0,0.0,0.0,-0.2,0.0,0.0,-0.1989675347273536,0.0,0.0,0.0,square,2,0.2,0.25,27,54,7.290105819702148,0.0
1779528336.5054204,0.0,0.0,-0.1989675347273536,0.0,0.0,0.0,-0.0792,1.0692,-0.0396,0.0,0.0,-0.2,0.0,0.0,-0.1989675347273536,0.0,0.0020777729190408684,-0.0020777729190408684,square,2,0.2,0.25,27,54,7.299973726272583,0.0
1779528336.5154164,0.0,0.0,-0.1989675347273536,0.0,0.0020777729190408684,-0.0020777729190408684,-0.0792,1.0692,-0.0792,0.0,0.0,-0.2,0.0,0.0,-0.1989675347273536,0.0020777729190408684,0.0,0.0,square,2,0.2,0.25,27,54,7.30997896194458,0.0
1779528336.5254123,0.0,0.0,-0.1989675347273536,0.0020777729190408684,0.0,0.0,0.1584,1.1088000000000002,-0.0396,0.0,0.0,-0.2,0.0,0.0,-0.1989675347273536,-0.0020777729190408684,0.0,0.0,square,2,0.2,0.25,27,54,7.319974899291992,0.0
1779528336.5355072,0.0,0.0,-0.1989675347273536,-0.0020777729190408684,0.0,0.0,-0.1188,1.1483999999999999,0.0396,0.0,0.0,-0.2,0.0,0.0,-0.1989675347273536,0.0,0.0,0.0,square,2,0.2,0.25,27,54,7.329970836639404,0.0
1779528336.5454192,0.0,0.0,-0.1989675347273536,0.0,0.0,0.0,-0.0792,1.0296,-0.0396,0.0,0.0,-0.2,0.0,0.0,-0.1989675347273536,0.0,0.0,0.0,square,2,0.2,0.25,27,54,7.3400657176971436,0.0
1779528336.5553832,0.0,0.0,-0.1989675347273536,0.0,0.0,0.0,-0.0396,1.1088000000000002,0.0396,0.0,0.0,-0.2,0.0,0.0,-0.1989675347273536,0.0,0.0,0.0,square,2,0.2,0.25,27,54,7.349977731704712,0.0
1779528336.5654118,0.0,0.0,-0.1989675347273536,0.0,0.0,0.0,-0.0792,1.1880000000000002,-0.0396,0.0,0.0,-0.2,0.0,0.0,-0.1989675347273536,0.0,0.0,0.0,square,2,0.2,0.25,27,54,7.359941720962524,0.0
1779528336.575418,0.0,0.0,-0.1989675347273536,0.0,0.0,0.0,-0.1188,0.99,0.0396,0.0,0.0,-0.2,0.0,0.0,-0.1989675347273536,0.0,-0.0020777729190408684,0.0,square,2,0.2,0.25,27,54,7.369970321655273,0.0
1779528336.585416,0.0,0.0,-0.1989675347273536,0.0,-0.0020777729190408684,0.0,-0.0792,1.1483999999999999,0.0792,0.0,0.0,-0.2,0.0,0.0,-0.1989675347273536,0.0,-0.0020777729190408684,0.0020777729190408684,square,2,0.2,0.25,27,54,7.379976511001587,0.0
1779528336.5954404,0.0,0.0,-0.1989675347273536,0.0,-0.0020777729190408684,0.0020777729190408684,-0.0792,1.0296,0.0396,0.0,0.0,-0.2,0.0,0.0,-0.1989675347273536,0.0,0.0,0.0,square,2,0.2,0.25,27,54,7.389974594116211,0.0
1779528336.6054142,0.0,0.0,-0.1989675347273536,0.0,0.0,0.0,-0.0396,1.1088000000000002,0.0396,0.0,0.0,-0.2,0.0,0.0,-0.1989675347273536,0.0,-0.0020777729190408684,0.0,square,2,0.2,0.25,27,54,7.399998903274536,0.0
1779528336.6154153,0.0,0.0,-0.1989675347273536,0.0,-0.0020777729190408684,0.0,-0.1584,1.1088000000000002,0.0792,0.0,0.0,-0.2,0.0,0.0,-0.1989675347273536,0.0,-0.0020777729190408684,0.0,square,2,0.2,0.25,27,54,7.409972667694092,0.0
1779528336.6256459,0.0,0.0,-0.1989675347273536,0.0,-0.0020777729190408684,0.0,-0.1584,1.1088000000000002,0.0792,0.0,0.0,-0.2,0.0,0.0,-0.1989675347273536,0.0,0.0020777729190408684,0.0,square,2,0.2,0.25,27,54,7.419973850250244,0.0
1779528336.635416,0.0,0.0,-0.1989675347273536,0.0,0.0020777729190408684,0.0,-0.1188,1.1088000000000002,0.1584,0.0,0.0,-0.2,0.0,0.0,-0.1989675347273536,0.0,0.0,-0.0020777729190408684,square,2,0.2,0.25,27,54,7.430204391479492,0.0
1779528336.645412,0.0,0.0,-0.1989675347273536,0.0,0.0,-0.0020777729190408684,-0.0396,1.0296,-0.0792,0.0,0.0,-0.2,0.0,0.0,-0.1989675347273536,0.0,0.0,-0.0020777729190408684,square,2,0.2,0.25,27,54,7.439974546432495,0.0
1779528336.6554139,0.0,0.0,-0.1989675347273536,0.0,0.0,-0.0020777729190408684,-0.0792,1.1088000000000002,0.0,0.0,0.0,-0.2,0.0,0.0,-0.1989675347273536,0.0,0.0,0.0,square,2,0.2,0.25,27,54,7.449970483779907,0.0
1779528336.6654272,0.0,0.0,-0.1989675347273536,0.0,0.0,0.0,-0.0792,1.1088000000000002,0.0792,0.0,0.0,-0.2,0.0,0.0,-0.1989675347273536,0.0,0.0,0.0,square,2,0.2,0.25,27,54,7.459972381591797,0.0
1779528336.6754272,0.0,0.0,-0.1989675347273536,0.0,0.0,0.0,-0.1188,1.1088000000000002,0.0396,0.0,0.0,-0.2,0.0,0.0,-0.1989675347273536,0.0,0.0,0.0,square,2,0.2,0.25,27,54,7.469985723495483,0.0
1779528336.6855457,0.0,0.0,-0.1989675347273536,0.0,0.0,0.0,-0.0396,1.0296,0.1584,0.0,0.0,-0.2,0.0,0.0,-0.1989675347273536,0.0,0.0,0.0,square,2,0.2,0.25,27,54,7.47998571395874,0.0
1779528336.6954148,0.0,0.0,-0.1989675347273536,0.0,0.0,0.0,-0.0396,1.0296,0.1584,0.0,0.0,-0.2,0.0,0.0,-0.1989675347273536,0.0020777729190408684,0.0,0.0,square,2,0.2,0.25,27,54,7.4901041984558105,0.0
1779528336.7054164,0.0,0.0,-0.1989675347273536,0.0020777729190408684,0.0,0.0,-0.0792,1.1483999999999999,0.0,0.0,0.0,-0.2,0.0,0.0,-0.1989675347273536,0.0,0.0,0.0,square,2,0.2,0.25,27,54,7.499973297119141,0.0
1779528336.7154102,0.0,0.0,-0.1989675347273536,0.0,0.0,0.0,-0.0792,1.1483999999999999,0.0,0.0,0.0,-0.2,0.0,0.0,-0.1989675347273536,0.0,0.0,0.0,square,2,0.2,0.25,27,54,7.509974956512451,0.0
1779528336.7254167,0.0,0.0,-0.1989675347273536,0.0,0.0,0.0,-0.0396,1.1483999999999999,0.1188,0.0,0.0,-0.2,0.0,0.0,-0.1989675347273536,0.0,0.0,0.0,square,2,0.2,0.25,27,54,7.519968748092651,0.0
1779528336.7354496,0.0,0.0,-0.1989675347273536,0.0,0.0,0.0,-0.0792,1.0692,0.0,0.0,0.0,-0.2,0.0,0.0,-0.1989675347273536,0.0,0.0,0.0,square,2,0.2,0.25,27,54,7.529975175857544,0.0
1779528336.745383,0.0,0.0,-0.1989675347273536,0.0,0.0,0.0,-0.0792,1.0296,0.1584,0.0,0.0,-0.2,0.0,0.0,-0.1989675347273536,0.0,0.0,0.0,square,2,0.2,0.25,27,54,7.540008068084717,0.0
1779528336.755419,0.0,0.0,-0.1989675347273536,0.0,0.0,0.0,-0.0792,1.1483999999999999,0.0396,0.0,0.0,-0.2,0.0,0.0,-0.1989675347273536,0.0,0.0,0.0,square,2,0.2,0.25,27,54,7.549941539764404,0.0
1779528336.765412,0.0,0.0,-0.1989675347273536,0.0,0.0,0.0,-0.1188,0.99,0.0792,0.0,0.0,-0.2,0.0,0.0,-0.1989675347273536,0.0,0.0,0.0,square,2,0.2,0.25,27,54,7.5599775314331055,0.0
1779528336.7754457,0.0,0.0,-0.1989675347273536,0.0,0.0,0.0,0.0,1.1880000000000002,0.0,0.0,0.0,-0.2,0.0,0.0,-0.1989675347273536,0.0,0.0,0.0,square,2,0.2,0.25,27,54,7.569970607757568,0.0
1779528336.785438,0.0,0.0,-0.1989675347273536,0.0,0.0,0.0,-0.1188,1.1088000000000002,0.0792,0.0,0.0,-0.2,0.0,0.0,-0.1989675347273536,0.0,-0.0020777729190408684,0.0,square,2,0.2,0.25,27,54,7.5800042152404785,0.0
1779528336.795614,0.0,0.0,-0.1989675347273536,0.0,-0.0020777729190408684,0.0,-0.1188,0.99,0.0792,0.0,0.0,-0.2,0.0,0.0,-0.1989675347273536,0.0020777729190408684,0.0,0.0,square,2,0.2,0.25,27,54,7.589996576309204,0.0
1779528336.805426,0.0,0.0,-0.1989675347273536,0.0020777729190408684,0.0,0.0,-0.1188,1.0296,0.0396,0.0,0.0,-0.2,0.0,0.0,-0.1989675347273536,0.0,0.0,0.0,square,2,0.2,0.25,27,54,7.600172519683838,0.0
1779528336.815421,0.0,0.0,-0.1989675347273536,0.0,0.0,0.0,-0.1188,1.0692,0.0396,0.0,0.0,-0.2,0.0,0.0,-0.1989675347273536,0.0,0.0,0.0,square,2,0.2,0.25,27,54,7.609984397888184,0.0
1779528336.8254955,0.0,0.0,-0.1989675347273536,0.0,0.0,0.0,-0.0792,1.1088000000000002,0.0396,0.0,0.0,-0.2,0.0,0.0,-0.1989675347273536,0.0,-0.0020777729190408684,0.0,square,2,0.2,0.25,27,54,7.619979619979858,0.0
1779528336.8354216,0.0,0.0,-0.1989675347273536,0.0,-0.0020777729190408684,0.0,-0.1584,1.1483999999999999,-0.0792,0.0,0.0,-0.2,0.0,0.0,-0.1989675347273536,0.0,0.0,0.0,square,2,0.2,0.25,27,54,7.630053997039795,0.0
1779528336.8454142,0.0,0.0,-0.1989675347273536,0.0,0.0,0.0,-0.0792,1.1483999999999999,0.0,0.0,0.0,-0.2,0.0,0.0,-0.1989675347273536,0.0,0.0,0.0,square,2,0.2,0.25,27,54,7.63998007774353,0.0
1779528336.8553836,0.0,0.0,-0.1989675347273536,0.0,0.0,0.0,-0.0792,0.99,0.0,0.0,0.0,-0.2,0.0,0.0,-0.1989675347273536,0.0020777729190408684,0.0,0.0,square,2,0.2,0.25,27,54,7.649972677230835,0.0
1779528336.8653836,0.0,0.0,-0.1989675347273536,0.0020777729190408684,0.0,0.0,-0.1188,1.1088000000000002,0.0396,0.0,0.0,-0.2,0.0,0.0,-0.1989675347273536,0.0,-0.0020777729190408684,0.0,square,2,0.2,0.25,27,54,7.659942150115967,0.0
1779528336.8758197,0.0,0.0,-0.1989675347273536,0.0,-0.0020777729190408684,0.0,-0.0792,1.1483999999999999,0.0,0.0,0.0,-0.2,0.0,0.0,-0.1989675347273536,0.0020777729190408684,0.0020777729190408684,0.0,square,2,0.2,0.25,27,54,7.669942140579224,0.0
1779528336.8855658,0.0,0.0,-0.1989675347273536,0.0020777729190408684,0.0020777729190408684,0.0,0.1584,1.0692,0.0792,0.0,0.0,-0.2,0.0,0.0,-0.1989675347273536,0.0020777729190408684,0.0020777729190408684,0.0,square,2,0.2,0.25,27,54,7.680378198623657,0.0
1779528336.8954124,0.0,0.0,-0.1989675347273536,0.0020777729190408684,0.0020777729190408684,0.0,0.1584,1.0692,0.0792,0.0,0.0,-0.2,0.0,0.0,-0.1989675347273536,0.0020777729190408684,0.0020777729190408684,0.0,square,2,0.2,0.25,27,54,7.690124273300171,0.0
1779528336.9054155,0.0,0.0,-0.1989675347273536,0.0020777729190408684,0.0020777729190408684,0.0,0.1584,1.0692,0.0792,0.0,0.0,-0.2,0.0,0.0,-0.1989675347273536,0.0,0.0020777729190408684,0.0,square,2,0.2,0.25,27,54,7.699970960617065,0.0
1779528336.9154177,0.0,0.0,-0.1989675347273536,0.0,0.0020777729190408684,0.0,-0.1188,0.99,0.1584,0.0,0.0,-0.2,0.0,0.0,-0.1989675347273536,0.0,0.0020777729190408684,-0.0020777729190408684,square,2,0.2,0.25,27,54,7.709974050521851,0.0
1779528336.9254165,0.0,0.0,-0.1989675347273536,0.0,0.0020777729190408684,-0.0020777729190408684,-0.1584,0.99,0.1188,0.0,0.0,-0.2,0.0,0.0,-0.1989675347273536,0.0020777729190408684,0.0,0.0,square,2,0.2,0.25,27,54,7.719976186752319,0.0
1779528336.9354174,0.0,0.0,-0.1989675347273536,0.0020777729190408684,0.0,0.0,-0.0792,0.99,0.198,0.0,0.0,-0.2,0.0,0.0,-0.1989675347273536,0.0,0.0,0.0,square,2,0.2,0.25,27,54,7.729974985122681,0.0
1779528336.9455235,0.0,0.0,-0.1989675347273536,0.0,0.0,0.0,-0.0792,0.99,0.0792,0.0,0.0,-0.2,0.0,0.0,-0.1989675347273536,0.0,0.0,0.0,square,2,0.2,0.25,27,54,7.739975929260254,0.0
1779528336.9554176,0.0,0.0,-0.1989675347273536,0.0,0.0,0.0,-0.0792,1.0692,0.198,0.0,0.0,-0.2,0.0,0.0,-0.1989675347273536,0.0,0.0,0.0,square,2,0.2,0.25,27,54,7.750082015991211,0.0
1779528336.9654114,0.0,0.0,-0.1989675347273536,0.0,0.0,0.0,-0.1188,1.0296,0.27720000000000006,0.0,0.0,-0.2,0.0,0.0,-0.1989675347273536,0.0,0.0,0.0,square,2,0.2,0.25,27,54,7.759976148605347,0.0
1779528336.9754143,0.0,0.0,-0.1989675347273536,0.0,0.0,0.0,-0.1584,0.99,0.1584,0.0,0.0,-0.2,0.0,0.0,-0.1989675347273536,0.0,0.0,0.0,square,2,0.2,0.25,27,54,7.769969940185547,0.0
1779528336.9854176,0.0,0.0,-0.1989675347273536,0.0,0.0,0.0,-0.1188,0.99,0.27720000000000006,0.0,0.0,-0.2,0.0,0.0,-0.1989675347273536,0.0,0.0,0.0,square,2,0.2,0.25,27,54,7.779972791671753,0.0
1779528336.9956117,0.0,0.0,-0.1989675347273536,0.0,0.0,0.0,-0.0396,1.0692,0.198,0.0,0.0,-0.2,0.0,0.0,-0.1989675347273536,0.0,0.0,0.0,square,2,0.2,0.25,27,54,7.789976119995117,0.0
1779528337.005435,0.0,0.0,-0.1989675347273536,0.0,0.0,0.0,-0.1188,1.1088000000000002,0.2376,0.0,0.0,-0.2,0.0,0.0,-0.1989675347273536,0.0,0.0,0.0,square,2,0.2,0.25,27,54,7.800170183181763,0.0
1779528337.015413,0.0,0.0,-0.1989675347273536,0.0,0.0,0.0,-0.0396,1.1088000000000002,0.198,0.0,0.0,-0.2,0.0,0.0,-0.1989675347273536,0.0,0.0,0.0,square,2,0.2,0.25,27,54,7.809993505477905,0.0
1779528337.0254138,0.0,0.0,-0.1989675347273536,0.0,0.0,0.0,-0.0792,1.0692,0.3168,0.0,0.0,-0.2,0.0,0.0,-0.1989675347273536,0.0,0.0,0.0,square,2,0.2,0.25,27,54,7.819971561431885,0.0
1779528337.0354264,0.0,0.0,-0.1989675347273536,0.0,0.0,0.0,-0.0396,0.9504,0.198,0.0,0.0,-0.2,0.0,0.0,-0.1989675347273536,0.0,0.0,0.0,square,2,0.2,0.25,27,54,7.829972267150879,0.0
1779528337.0454087,0.0,0.0,-0.1989675347273536,0.0,0.0,0.0,-0.0396,1.1088000000000002,0.27720000000000006,0.0,0.0,-0.2,0.0,0.0,-0.1989675347273536,0.0,0.0,0.0020777729190408684,square,2,0.2,0.25,27,54,7.839984893798828,0.0
1779528337.055383,0.0,0.0,-0.1989675347273536,0.0,0.0,0.0020777729190408684,-0.0396,1.1088000000000002,0.3168,0.0,0.0,-0.2,0.0,0.0,-0.1989675347273536,0.0,0.0,0.0,square,2,0.2,0.25,27,54,7.8499672412872314,0.0
1779528337.0654285,0.0,0.0,-0.1989675347273536,0.0,0.0,0.0,-0.0792,1.0692,-0.1584,0.0,0.0,-0.2,0.0,0.0,-0.1989675347273536,0.0,0.0,0.0,square,2,0.2,0.25,27,54,7.859941482543945,0.0
1779528337.0754147,0.0,0.0,-0.1989675347273536,0.0,0.0,0.0,-0.0792,1.1088000000000002,0.27720000000000006,0.0,0.0,-0.2,0.0,0.0,-0.1989675347273536,0.0,0.0,0.0,square,2,0.2,0.25,27,54,7.8699870109558105,0.0
1779528337.085417,0.0,0.0,-0.1989675347273536,0.0,0.0,0.0,-0.0792,1.1088000000000002,0.2376,0.0,0.0,-0.2,0.0,0.0,-0.1989675347273536,0.0,0.0,0.0,square,2,0.2,0.25,27,54,7.8799731731414795,0.0
1779528337.095415,0.0,0.0,-0.1989675347273536,0.0,0.0,0.0,-0.0792,1.0296,0.1188,0.0,0.0,-0.2,0.0,0.0,-0.1989675347273536,0.0,0.0,0.0,square,2,0.2,0.25,27,54,7.889975547790527,0.0
1779528337.1054196,0.0,0.0,-0.1989675347273536,0.0,0.0,0.0,-0.0396,1.1483999999999999,0.1188,0.0,0.0,-0.2,0.0,0.0,-0.1989675347273536,0.0020777729190408684,0.0,0.0,square,2,0.2,0.25,27,54,7.899973630905151,0.0
1779528337.115419,0.0,0.0,-0.1989675347273536,0.0020777729190408684,0.0,0.0,-0.0396,0.99,0.198,0.0,0.0,-0.2,0.0,0.0,-0.1989675347273536,0.0,0.0020777729190408684,0.0,square,2,0.2,0.25,27,54,7.909978151321411,0.0
1779528337.1254272,0.0,0.0,-0.1989675347273536,0.0,0.0020777729190408684,0.0,-0.0396,0.99,0.1584,0.0,0.0,-0.2,0.0,0.0,-0.1989675347273536,0.0,0.0,0.0,square,2,0.2,0.25,27,54,7.919977426528931,0.0
1779528337.1355188,0.0,0.0,-0.1989675347273536,0.0,0.0,0.0,0.0,1.1088000000000002,0.1188,0.0,0.0,-0.2,0.0,0.0,-0.1989675347273536,0.0020777729190408684,0.0,0.0,square,2,0.2,0.25,27,54,7.929985761642456,0.0
1779528337.145593,0.0,0.0,-0.1989675347273536,0.0020777729190408684,0.0,0.0,-0.0792,1.1088000000000002,0.198,0.0,0.0,-0.2,0.0,0.0,-0.1989675347273536,0.0,0.0020777729190408684,0.0,square,2,0.2,0.25,27,54,7.940077304840088,0.0
1779528337.1554143,0.0,0.0,-0.1989675347273536,0.0,0.0020777729190408684,0.0,-0.0396,1.1088000000000002,0.198,0.0,0.0,-0.2,0.0,0.0,-0.1989675347273536,0.0,-0.0020777729190408684,0.0,square,2,0.2,0.25,27,54,7.950151443481445,0.0
1779528337.1656988,0.0,0.0,-0.1989675347273536,0.0,-0.0020777729190408684,0.0,0.0,1.1088000000000002,0.198,0.0,0.0,-0.2,0.0,0.0,-0.1989675347273536,0.0,0.0,0.0,square,2,0.2,0.25,27,54,7.959972858428955,0.0
1779528337.175426,0.0,0.0,-0.1989675347273536,0.0,0.0,0.0,-0.0792,0.99,0.27720000000000006,0.0,0.0,-0.2,0.0,0.0,-0.1989675347273536,0.0,0.0,0.0,square,2,0.2,0.25,27,54,7.97025728225708,0.0
1779528337.1854708,0.0,0.0,-0.1989675347273536,0.0,0.0,0.0,-0.0792,1.0296,0.3168,0.0,0.0,-0.2,0.0,0.0,-0.1989675347273536,0.0,0.0,0.0,square,2,0.2,0.25,27,54,7.979984521865845,0.0
1779528337.195455,0.0,0.0,-0.1989675347273536,0.0,0.0,0.0,-0.0792,1.1088000000000002,0.35639999999999994,0.0,0.0,-0.2,0.0,0.0,-0.1989675347273536,0.0,0.0,0.0,square,2,0.2,0.25,27,54,7.990029335021973,0.0
1779528337.2054436,0.0,0.0,-0.1989675347273536,0.0,0.0,0.0,-0.0396,1.1483999999999999,0.2376,0.0,0.0,0.2,0.0,0.0,-0.1989675347273536,0.0020777729190408684,0.0,0.0020777729190408684,square,2,0.2,0.25,27,54,8.000013589859009,0.0
1779528337.2154272,0.0,0.0,-0.1989675347273536,0.0020777729190408684,0.0,0.0020777729190408684,-0.0396,1.1088000000000002,0.198,0.0,0.0,0.2,0.0,0.0,-0.1989675347273536,0.0,0.0,0.004155545838081737,square,2,0.2,0.25,27,54,8.010002136230469,0.0
1779528337.2254176,0.0,0.0,-0.1989675347273536,0.0,0.0,0.004155545838081737,0.27720000000000006,-1.7028,4.2372000000000005,0.0,0.0,0.2,0.0,0.0,-0.18151424220741028,0.0020777729190408684,0.0020777729190408684,1.4274299953810765,square,2,0.2,0.25,27,54,8.019985675811768,0.0
1779528337.2354121,0.0,0.0,-0.18151424220741028,0.0020777729190408684,0.0020777729190408684,1.4274299953810765,-0.35639999999999994,0.9504,1.584,0.0,0.0,0.2,0.0,0.0,-0.1518436449235067,0.0,0.0020777729190408684,2.813304532381336,square,2,0.2,0.25,27,54,8.02997612953186,0.0
1779528337.2454174,0.0,0.0,-0.1518436449235067,0.0,0.0020777729190408684,2.813304532381336,-0.27720000000000006,1.0692,6.2964,0.0,0.0,0.2,0.0,0.0,-0.10821041362364843,0.0,0.0,4.026723917101203,square,2,0.2,0.25,27,54,8.039970636367798,0.0
1779528337.2554195,0.0,0.0,-0.10821041362364843,0.0,0.0,4.026723917101203,-0.1188,1.3068,0.0,0.0,0.0,0.2,0.0,0.0,-0.061086523819801536,-0.0020777729190408684,0.0,4.585644832323196,square,2,0.2,0.25,27,54,8.049975872039795,0.0
1779528337.2654138,0.0,0.0,-0.061086523819801536,-0.0020777729190408684,0.0,4.585644832323196,-0.1584,1.1880000000000002,-0.2376,0.0,0.0,0.2,0.0,0.0,-0.015707963267948967,-0.0020777729190408684,0.0,4.479678413452112,square,2,0.2,0.25,27,54,8.059978008270264,0.0
1779528337.2753837,0.0,0.0,-0.015707963267948967,-0.0020777729190408684,0.0,4.479678413452112,-0.1188,0.99,-2.6532,0.0,0.0,0.2,0.0,0.0,0.019198621771937627,0.0,0.0,3.8293354897923204,square,2,0.2,0.25,27,54,8.069972276687622,0.0
1779528337.2854187,0.0,0.0,0.019198621771937627,0.0,0.0,3.8293354897923204,0.0,1.1483999999999999,-0.3168,0.0,0.0,0.2,0.0,0.0,0.050614548307835565,0.0020777729190408684,0.0,3.2579479370560818,square,2,0.2,0.25,27,54,8.079942226409912,0.0
1779528337.295426,0.0,0.0,0.050614548307835565,0.0020777729190408684,0.0,3.2579479370560818,-0.1584,1.2276,-0.396,0.0,0.0,0.2,0.0,0.0,0.07853981633974483,0.0020777729190408684,0.0,2.811226759462295,square,2,0.2,0.25,27,54,8.089977264404297,0.0
1779528337.3054125,0.0,0.0,0.07853981633974483,0.0020777729190408684,0.0,2.811226759462295,0.35639999999999994,1.1088000000000002,-1.3068,0.0,0.0,0.2,0.0,0.0,0.10122909661567113,0.0020777729190408684,0.0,2.3478833985161813,square,2,0.2,0.25,27,54,8.099984407424927,0.0
1779528337.3154151,0.0,0.0,0.10122909661567113,0.0020777729190408684,0.0,2.3478833985161813,0.27720000000000006,1.1880000000000002,-0.0792,0.0,0.0,0.2,0.0,0.0,0.11868238913561442,0.0,0.0,1.959339862655539,square,2,0.2,0.25,27,54,8.109971046447754,0.0
1779528337.3254147,0.0,0.0,0.11868238913561442,0.0,0.0,1.959339862655539,-0.2376,1.2276,-0.27720000000000006,0.0,0.0,0.2,0.0,0.0,0.1343903524035634,0.0,0.0,1.6248184226899591,square,2,0.2,0.25,27,54,8.11997365951538,0.0
1779528337.3355556,0.0,0.0,0.1343903524035634,0.0,0.0,1.6248184226899591,-0.1188,1.1088000000000002,-0.0396,0.0,0.0,0.2,0.0,0.0,0.1466076571675237,0.0,0.0,1.3443190786194419,square,2,0.2,0.25,27,54,8.12997317314148,0.0
1779528337.3454297,0.0,0.0,0.1466076571675237,0.0,0.0,1.3443190786194419,0.1188,1.2672,-0.2376,0.0,0.0,0.2,0.0,0.0,0.15707963267948966,0.0,0.0,1.105375192929742,square,2,0.2,0.25,27,54,8.140114068984985,0.0
1779528337.355384,0.0,0.0,0.15707963267948966,0.0,0.0,1.105375192929742,-0.0792,1.2276,0.1584,0.0,0.0,0.2,0.0,0.0,0.1658062789394613,0.0,0.0,0.9017534468637369,square,2,0.2,0.25,27,54,8.149988174438477,0.0
1779528337.3656433,0.0,0.0,0.1658062789394613,0.0,0.0,0.9017534468637369,-0.0396,1.2276,0.396,0.0,0.0,0.2,0.0,0.0,0.1658062789394613,0.0,0.0,0.9017534468637369,square,2,0.2,0.25,27,54,8.159942626953125,0.0
1779528337.375415,0.0,0.0,0.1658062789394613,0.0,0.0,0.9017534468637369,-0.0396,1.2276,0.396,0.0,0.0,0.2,0.0,0.0,0.17976891295541597,0.0,0.0,0.5900875090076066,square,2,0.2,0.25,27,54,8.170201778411865,0.0
1779528337.385415,0.0,0.0,0.17976891295541597,0.0,0.0,0.5900875090076066,0.0,1.3068,0.5940000000000001,0.0,0.0,0.2,0.0,0.0,0.1832595714594046,0.0020777729190408684,0.0,0.4758099984603589,square,2,0.2,0.25,27,54,8.179973602294922,0.0
1779528337.3955023,0.0,0.0,0.1832595714594046,0.0020777729190408684,0.0,0.4758099984603589,-0.0396,1.3068,0.1188,0.0,0.0,0.2,0.0,0.0,0.1867502299633933,0.0,0.0,0.38023244418447893,square,2,0.2,0.25,27,54,8.189973592758179,0.0
1779528337.4054148,0.0,0.0,0.1867502299633933,0.0,0.0,0.38023244418447893,-0.0396,1.1880000000000002,-0.3168,0.0,0.0,0.2,0.0,0.0,0.19024088846738194,0.0,0.0,0.3012770732609259,square,2,0.2,0.25,27,54,8.200060844421387,0.0
1779528337.4154148,0.0,0.0,0.19024088846738194,0.0,0.0,0.3012770732609259,-0.0396,1.3068,0.198,0.0,0.0,0.2,0.0,0.0,0.19198621771937624,0.0,0.0,0.23478833985161812,square,2,0.2,0.25,27,54,8.209973335266113,0.0
1779528337.425428,0.0,0.0,0.19198621771937624,0.0,0.0,0.23478833985161812,-0.0396,1.3860000000000001,0.7127999999999999,0.0,0.0,0.2,0.0,0.0,0.1937315469713706,0.0,0.0,0.1973884273088825,square,2,0.2,0.25,27,54,8.21997332572937,0.0
1779528337.4354126,0.0,0.0,0.1937315469713706,0.0,0.0,0.1973884273088825,-0.0396,1.3860000000000001,0.396,0.0,0.0,0.2,0.0,0.0,0.1954768762233649,0.0,0.0,0.14544410433286079,square,2,0.2,0.25,27,54,8.229986429214478,0.0
1779528337.4454136,0.0,0.0,0.1954768762233649,0.0,0.0,0.14544410433286079,0.0,1.2672,0.4752,0.0,0.0,0.2,0.0,0.0,0.1954768762233649,0.0,0.0,0.11012196470916602,square,2,0.2,0.25,27,54,8.239971160888672,0.0
1779528337.4554138,0.0,0.0,0.1954768762233649,0.0,0.0,0.11012196470916602,0.0,1.4652,0.396,0.0,0.0,0.2,0.0,0.0,0.19722220547535924,0.0020777729190408684,0.0,0.08103314384259387,square,2,0.2,0.25,27,54,8.249972105026245,0.0
1779528337.465412,0.0,0.0,0.19722220547535924,0.0020777729190408684,0.0,0.08103314384259387,-0.0396,1.3464,0.35639999999999994,0.0,0.0,0.2,0.0,0.0,0.19722220547535924,0.0,0.0,0.05194432297602171,square,2,0.2,0.25,27,54,8.259972333908081,0.0
1779528337.4754128,0.0,0.0,0.19722220547535924,0.0,0.0,0.05194432297602171,-0.0396,1.3464,0.5544000000000001,0.0,0.0,0.2,0.0,0.0,0.1989675347273536,0.0,0.0,0.06441096049026691,square,2,0.2,0.25,27,54,8.269970417022705,0.0
1779528337.4854226,0.0,0.0,0.1989675347273536,0.0,0.0,0.06441096049026691,-0.0396,1.2672,-0.27720000000000006,0.0,0.0,0.2,0.0,0.0,0.1989675347273536,-0.0020777729190408684,0.0,0.033244366704653895,square,2,0.2,0.25,27,54,8.279971361160278,0.0
1779528337.4954147,0.0,0.0,0.1989675347273536,-0.0020777729190408684,0.0,0.033244366704653895,-0.1188,1.3464,0.27720000000000006,0.0,0.0,0.2,0.0,0.0,0.1989675347273536,0.0020777729190408684,0.0,0.03739991254273563,square,2,0.2,0.25,27,54,8.289981126785278,0.0
1779528337.5054145,0.0,0.0,0.1989675347273536,0.0020777729190408684,0.0,0.03739991254273563,0.0,1.3068,-0.3168,0.0,0.0,0.2,0.0,0.0,0.1989675347273536,0.0,0.0,0.02493327502849042,square,2,0.2,0.25,27,54,8.299973249435425,0.0
1779528337.5154476,0.0,0.0,0.1989675347273536,0.0,0.0,0.02493327502849042,-0.0792,1.3068,-0.2376,0.0,0.0,0.2,0.0,0.0,0.1989675347273536,0.0,0.0,0.014544410433286078,square,2,0.2,0.25,27,54,8.309973001480103,0.0
1779528337.525487,0.0,0.0,0.1989675347273536,0.0,0.0,0.014544410433286078,-0.0396,1.3068,-0.1188,0.0,0.0,0.2,0.0,0.0,0.1989675347273536,0.0,0.0,0.008311091676163474,square,2,0.2,0.25,27,54,8.320006132125854,0.0
1779528337.5354128,0.0,0.0,0.1989675347273536,0.0,0.0,0.008311091676163474,-0.0396,1.4255999999999998,-0.0792,0.0,0.0,0.2,0.0,0.0,0.1989675347273536,-0.0020777729190408684,0.0,0.004155545838081737,square,2,0.2,0.25,27,54,8.330045461654663,0.0
1779528337.5454123,0.0,0.0,0.1989675347273536,-0.0020777729190408684,0.0,0.004155545838081737,0.0,1.3464,-0.0396,0.0,0.0,0.2,0.0,0.0,0.1989675347273536,0.0,0.0,0.0020777729190408684,square,2,0.2,0.25,27,54,8.33997130393982,0.0
1779528337.5554397,0.0,0.0,0.1989675347273536,0.0,0.0,0.0020777729190408684,0.0,1.4652,-0.0396,0.0,0.0,0.2,0.0,0.0,0.1989675347273536,0.0,0.0,0.0,square,2,0.2,0.25,27,54,8.349970817565918,0.0
1779528337.5654132,0.0,0.0,0.1989675347273536,0.0,0.0,0.0,0.0,1.4255999999999998,-0.198,0.0,0.0,0.2,0.0,0.0,0.1989675347273536,0.0,0.0,-0.0020777729190408684,square,2,0.2,0.25,27,54,8.359998226165771,0.0
1779528337.5754106,0.0,0.0,0.1989675347273536,0.0,0.0,-0.0020777729190408684,-0.0792,1.4255999999999998,-0.0396,0.0,0.0,0.2,0.0,0.0,0.1989675347273536,0.0,0.0,0.0,square,2,0.2,0.25,27,54,8.369971752166748,0.0
1779528337.585412,0.0,0.0,0.1989675347273536,0.0,0.0,0.0,-0.1188,1.4255999999999998,-0.0792,0.0,0.0,0.2,0.0,0.0,0.1989675347273536,0.0,0.0,0.0,square,2,0.2,0.25,27,54,8.379969120025635,0.0
1779528337.5954483,0.0,0.0,0.1989675347273536,0.0,0.0,0.0,0.0792,1.3860000000000001,-0.1188,0.0,0.0,0.2,0.0,0.0,0.1989675347273536,0.0,0.0,0.0,square,2,0.2,0.25,27,54,8.389970541000366,0.0
1779528337.6054106,0.0,0.0,0.1989675347273536,0.0,0.0,0.0,-0.0396,1.3464,-0.0792,0.0,0.0,0.2,0.0,0.0,0.1989675347273536,0.0,0.0,0.0,square,2,0.2,0.25,27,54,8.400006771087646,0.0
1779528337.6154118,0.0,0.0,0.1989675347273536,0.0,0.0,0.0,0.0792,1.4652,-0.1584,0.0,0.0,0.2,0.0,0.0,0.1989675347273536,0.0,0.0,0.0,square,2,0.2,0.25,27,54,8.409969091415405,0.0
1779528337.6254113,0.0,0.0,0.1989675347273536,0.0,0.0,0.0,-0.0396,1.4652,-0.3168,0.0,0.0,0.2,0.0,0.0,0.1989675347273536,0.0,0.0,0.0,square,2,0.2,0.25,27,54,8.419970273971558,0.0
1779528337.635414,0.0,0.0,0.1989675347273536,0.0,0.0,0.0,-0.0396,1.4652,-0.3168,0.0,0.0,0.2,0.0,0.0,0.1989675347273536,0.0,0.0,0.0,square,2,0.2,0.25,27,54,8.429969787597656,0.0
1779528337.64541,0.0,0.0,0.1989675347273536,0.0,0.0,0.0,0.0,1.4652,-0.1188,0.0,0.0,0.2,0.0,0.0,0.1989675347273536,0.0,0.0,0.0,square,2,0.2,0.25,27,54,8.439972400665283,0.0
1779528337.6554136,0.0,0.0,0.1989675347273536,0.0,0.0,0.0,0.0,1.5444,-0.1584,0.0,0.0,0.2,0.0,0.0,0.1989675347273536,0.0,0.0,0.0,square,2,0.2,0.25,27,54,8.449968576431274,0.0
1779528337.665414,0.0,0.0,0.1989675347273536,0.0,0.0,0.0,0.0,1.5444,0.198,0.0,0.0,0.2,0.0,0.0,0.1989675347273536,0.0,0.0,0.0,square,2,0.2,0.25,27,54,8.459972143173218,0.0
1779528337.6754107,0.0,0.0,0.1989675347273536,0.0,0.0,0.0,0.0,1.584,0.3168,0.0,0.0,0.2,0.0,0.0,0.1989675347273536,0.0,0.0,0.0,square,2,0.2,0.25,27,54,8.469972610473633,0.0
1779528337.6854148,0.0,0.0,0.1989675347273536,0.0,0.0,0.0,0.0,1.5048000000000001,0.27720000000000006,0.0,0.0,0.2,0.0,0.0,0.1989675347273536,0.0020777729190408684,0.0,0.0,square,2,0.2,0.25,27,54,8.479969263076782,0.0
1779528337.6954148,0.0,0.0,0.1989675347273536,0.0020777729190408684,0.0,0.0,0.0792,1.5444,0.3168,0.0,0.0,0.2,0.0,0.0,0.1989675347273536,0.0,0.0,0.0,square,2,0.2,0.25,27,54,8.489973306655884,0.0
1779528337.7054121,0.0,0.0,0.1989675347273536,0.0,0.0,0.0,-0.0792,1.5444,0.27720000000000006,0.0,0.0,0.2,0.0,0.0,0.1989675347273536,0.0,0.0,0.0,square,2,0.2,0.25,27,54,8.49997329711914,0.0
1779528337.7154124,0.0,0.0,0.1989675347273536,0.0,0.0,0.0,-0.0792,1.4652,0.3168,0.0,0.0,0.2,0.0,0.0,0.1989675347273536,0.0,0.0,0.0,square,2,0.2,0.25,27,54,8.509970664978027,0.0
1779528337.725412,0.0,0.0,0.1989675347273536,0.0,0.0,0.0,0.0792,1.5444,0.3168,0.0,0.0,0.2,0.0,0.0,0.1989675347273536,0.0,0.0,0.0,square,2,0.2,0.25,27,54,8.519970893859863,0.0
1779528337.7354105,0.0,0.0,0.1989675347273536,0.0,0.0,0.0,-0.0792,1.584,0.27720000000000006,0.0,0.0,0.2,0.0,0.0,0.1989675347273536,0.0,0.0,0.0,square,2,0.2,0.25,27,54,8.529970407485962,0.0
1779528337.7454097,0.0,0.0,0.1989675347273536,0.0,0.0,0.0,-0.0396,1.4255999999999998,0.3168,0.0,0.0,0.2,0.0,0.0,0.1989675347273536,-0.0020777729190408684,0.0,0.0,square,2,0.2,0.25,27,54,8.539968967437744,0.0
1779528337.755413,0.0,0.0,0.1989675347273536,-0.0020777729190408684,0.0,0.0,0.0396,1.584,0.396,0.0,0.0,0.2,0.0,0.0,0.1989675347273536,-0.0020777729190408684,0.0,0.0,square,2,0.2,0.25,27,54,8.549968242645264,0.0
1779528337.7654107,0.0,0.0,0.1989675347273536,-0.0020777729190408684,0.0,0.0,0.0396,1.4255999999999998,0.4356,0.0,0.0,0.2,0.0,0.0,0.1989675347273536,-0.0020777729190408684,0.0,0.0,square,2,0.2,0.25,27,54,8.559971570968628,0.0
1779528337.7754147,0.0,0.0,0.1989675347273536,-0.0020777729190408684,0.0,0.0,0.0396,1.584,0.5148,0.0,0.0,0.2,0.0,0.0,0.1989675347273536,0.0020777729190408684,0.0,0.0,square,2,0.2,0.25,27,54,8.569969177246094,0.0
1779528337.7854114,0.0,0.0,0.1989675347273536,0.0020777729190408684,0.0,0.0,0.0,1.4255999999999998,0.4356,0.0,0.0,0.2,0.0,0.0,0.1989675347273536,0.0,0.0,0.0020777729190408684,square,2,0.2,0.25,27,54,8.579973220825195,0.0
1779528337.7954133,0.0,0.0,0.1989675347273536,0.0,0.0,0.0020777729190408684,0.0,1.5444,-0.4752,0.0,0.0,0.2,0.0,0.0,0.1989675347273536,0.0020777729190408684,0.0,0.0,square,2,0.2,0.25,27,54,8.589969873428345,0.0
1779528337.8054266,0.0,0.0,0.1989675347273536,0.0020777729190408684,0.0,0.0,0.0,1.584,-0.3168,0.0,0.0,0.2,0.0,0.0,0.1989675347273536,0.0020777729190408684,0.0,0.0,square,2,0.2,0.25,27,54,8.599971771240234,0.0
1779528337.8154461,0.0,0.0,0.1989675347273536,0.0020777729190408684,0.0,0.0,0.0396,1.4652,-0.5544000000000001,0.0,0.0,0.2,0.0,0.0,0.1989675347273536,0.0,0.0,0.0,square,2,0.2,0.25,27,54,8.609985113143921,0.0
1779528337.8254128,0.0,0.0,0.1989675347273536,0.0,0.0,0.0,-0.0396,1.5048000000000001,-0.396,0.0,0.0,0.2,0.0,0.0,0.1989675347273536,0.0,0.0,0.0,square,2,0.2,0.25,27,54,8.620004653930664,0.0
1779528337.8354197,0.0,0.0,0.1989675347273536,0.0,0.0,0.0,-0.0792,1.5444,-0.4752,0.0,0.0,0.2,0.0,0.0,0.1989675347273536,-0.0020777729190408684,0.0,0.0,square,2,0.2,0.25,27,54,8.629971265792847,0.0
1779528337.8454509,0.0,0.0,0.1989675347273536,-0.0020777729190408684,0.0,0.0,-0.0396,1.5444,-0.4356,0.0,0.0,0.2,0.0,0.0,0.1989675347273536,0.0,0.0,0.0,square,2,0.2,0.25,27,54,8.639978170394897,0.0
1779528337.855411,0.0,0.0,0.1989675347273536,0.0,0.0,0.0,0.0,1.584,-0.4752,0.0,0.0,0.2,0.0,0.0,0.1989675347273536,0.0,0.0,0.0,square,2,0.2,0.25,27,54,8.650009393692017,0.0
1779528337.865411,0.0,0.0,0.1989675347273536,0.0,0.0,0.0,0.0,1.5048000000000001,-0.5148,0.0,0.0,0.2,0.0,0.0,0.1989675347273536,0.0020777729190408684,0.0,0.0,square,2,0.2,0.25,27,54,8.659969568252563,0.0
1779528337.875413,0.0,0.0,0.1989675347273536,0.0020777729190408684,0.0,0.0,0.0,1.5048000000000001,-0.5940000000000001,0.0,0.0,0.2,0.0,0.0,0.1989675347273536,0.0,0.0,0.0,square,2,0.2,0.25,27,54,8.66996955871582,0.0
1779528337.885431,0.0,0.0,0.1989675347273536,0.0,0.0,0.0,0.0,1.6632,-0.396,0.0,0.0,0.2,0.0,0.0,0.1989675347273536,0.0,0.0020777729190408684,0.0,square,2,0.2,0.25,27,54,8.67997145652771,0.0
1779528337.8954139,0.0,0.0,0.1989675347273536,0.0,0.0020777729190408684,0.0,-0.0396,1.584,-0.4752,0.0,0.0,0.2,0.0,0.0,0.1989675347273536,0.0020777729190408684,0.0,0.0,square,2,0.2,0.25,27,54,8.689989566802979,0.0
1779528337.9054134,0.0,0.0,0.1989675347273536,0.0020777729190408684,0.0,0.0,0.0,1.584,-0.5940000000000001,0.0,0.0,0.2,0.0,0.0,0.1989675347273536,0.0020777729190408684,-0.0020777729190408684,0.0,square,2,0.2,0.25,27,54,8.69997239112854,0.0
1779528337.9154136,0.0,0.0,0.1989675347273536,0.0020777729190408684,-0.0020777729190408684,0.0,0.0,1.5048000000000001,-0.5544000000000001,0.0,0.0,0.2,0.0,0.0,0.1989675347273536,0.0,0.0,0.0,square,2,0.2,0.25,27,54,8.709971904754639,0.0
1779528337.9254458,0.0,0.0,0.1989675347273536,0.0,0.0,0.0,0.0,1.4255999999999998,-0.5544000000000001,0.0,0.0,0.2,0.0,0.0,0.1989675347273536,0.0,0.0,0.0,square,2,0.2,0.25,27,54,8.719972133636475,0.0
1779528337.935411,0.0,0.0,0.1989675347273536,0.0,0.0,0.0,-0.0396,1.5444,-0.5544000000000001,0.0,0.0,0.2,0.0,0.0,0.1989675347273536,0.0,0.0,0.0,square,2,0.2,0.25,27,54,8.73000431060791,0.0
1779528337.9454148,0.0,0.0,0.1989675347273536,0.0,0.0,0.0,0.0,1.584,-0.4356,0.0,0.0,0.2,0.0,0.0,0.1989675347273536,0.0,0.0,0.0,square,2,0.2,0.25,27,54,8.739969491958618,0.0
1779528337.9554334,0.0,0.0,0.1989675347273536,0.0,0.0,0.0,-0.0396,1.5444,-0.4752,0.0,0.0,0.2,0.0,0.0,0.1989675347273536,0.0020777729190408684,0.0,-0.0020777729190408684,square,2,0.2,0.25,27,54,8.74997329711914,0.0
1779528337.9654152,0.0,0.0,0.1989675347273536,0.0020777729190408684,0.0,-0.0020777729190408684,0.0,1.4652,-0.5148,0.0,0.0,0.2,0.0,0.0,0.1989675347273536,0.0020777729190408684,0.0,0.0,square,2,0.2,0.25,27,54,8.759991884231567,0.0
1779528337.975414,0.0,0.0,0.1989675347273536,0.0020777729190408684,0.0,0.0,-0.0792,1.584,-0.4752,0.0,0.0,0.2,0.0,0.0,0.1989675347273536,0.0,0.0,0.0,square,2,0.2,0.25,27,54,8.769973754882812,0.0
1779528337.9854505,0.0,0.0,0.1989675347273536,0.0,0.0,0.0,-0.0396,1.6632,-0.4356,0.0,0.0,0.2,0.0,0.0,0.1989675347273536,0.0,0.0,0.0,square,2,0.2,0.25,27,54,8.779972553253174,0.0
1779528337.995417,0.0,0.0,0.1989675347273536,0.0,0.0,0.0,-0.0792,1.4652,-0.4356,0.0,0.0,0.2,0.0,0.0,0.1989675347273536,-0.0020777729190408684,-0.0020777729190408684,0.0,square,2,0.2,0.25,27,54,8.790009021759033,0.0
1779528338.005422,0.0,0.0,0.1989675347273536,-0.0020777729190408684,-0.0020777729190408684,0.0,0.0,1.584,-0.5148,0.0,0.0,0.2,0.0,0.0,0.1989675347273536,0.0,0.0,0.0,square,2,0.2,0.25,27,54,8.799975633621216,0.0
1779528338.0154138,0.0,0.0,0.1989675347273536,0.0,0.0,0.0,0.0,1.6632,-0.4752,0.0,0.0,0.2,0.0,0.0,0.1989675347273536,0.0,-0.0020777729190408684,-0.0020777729190408684,square,2,0.2,0.25,27,54,8.809980630874634,0.0
1779528338.0254252,0.0,0.0,0.1989675347273536,0.0,-0.0020777729190408684,-0.0020777729190408684,0.0,1.4652,-0.5148,0.0,0.0,0.2,0.0,0.0,0.1989675347273536,-0.0020777729190408684,0.0,0.0,square,2,0.2,0.25,27,54,8.819972276687622,0.0
1779528338.0354111,0.0,0.0,0.1989675347273536,-0.0020777729190408684,0.0,0.0,0.0,1.4652,-0.4752,0.0,0.0,0.2,0.0,0.0,0.1989675347273536,0.0,0.0,0.0,square,2,0.2,0.25,27,54,8.829983711242676,0.0
1779528338.0454097,0.0,0.0,0.1989675347273536,0.0,0.0,0.0,0.0,1.584,-0.5148,0.0,0.0,0.2,0.0,0.0,0.1989675347273536,0.0,0.0,0.0,square,2,0.2,0.25,27,54,8.839969635009766,0.0
1779528338.0554144,0.0,0.0,0.1989675347273536,0.0,0.0,0.0,0.0,1.6236000000000002,-0.5148,0.0,0.0,0.2,0.0,0.0,0.1989675347273536,0.0,0.0,0.0,square,2,0.2,0.25,27,54,8.849968194961548,0.0
1779528338.0654104,0.0,0.0,0.1989675347273536,0.0,0.0,0.0,-0.0396,1.6236000000000002,-0.5544000000000001,0.0,0.0,0.2,0.0,0.0,0.1989675347273536,0.0020777729190408684,0.0,0.0,square,2,0.2,0.25,27,54,8.859972953796387,0.0
1779528338.0754266,0.0,0.0,0.1989675347273536,0.0020777729190408684,0.0,0.0,0.0,1.4255999999999998,-0.6336,0.0,0.0,0.2,0.0,0.0,0.1989675347273536,0.0,0.0,0.0,square,2,0.2,0.25,27,54,8.869968891143799,0.0
1779528338.085443,0.0,0.0,0.1989675347273536,0.0,0.0,0.0,0.0,1.5048000000000001,-0.5148,0.0,0.0,0.2,0.0,0.0,0.1989675347273536,0.0,0.0,0.0,square,2,0.2,0.25,27,54,8.879985094070435,0.0
1779528338.0954127,0.0,0.0,0.1989675347273536,0.0,0.0,0.0,0.0,1.5048000000000001,-0.5544000000000001,0.0,0.0,0.2,0.0,0.0,0.1989675347273536,0.0,0.0,0.0,square,2,0.2,0.25,27,54,8.89000153541565,0.0
1779528338.1054103,0.0,0.0,0.1989675347273536,0.0,0.0,0.0,-0.0792,1.6236000000000002,-0.5544000000000001,0.0,0.0,0.2,0.0,0.0,0.1989675347273536,0.0,0.0,0.0,square,2,0.2,0.25,27,54,8.89997124671936,0.0
1779528338.1154137,0.0,0.0,0.1989675347273536,0.0,0.0,0.0,0.0396,1.5444,-0.4752,0.0,0.0,0.2,0.0,0.0,0.1989675347273536,-0.0020777729190408684,0.0,0.0,square,2,0.2,0.25,27,54,8.909968852996826,0.0
1779528338.1254134,0.0,0.0,0.1989675347273536,-0.0020777729190408684,0.0,0.0,0.0,1.584,-0.4752,0.0,0.0,0.2,0.0,0.0,0.1989675347273536,0.0,0.0,0.0,square,2,0.2,0.25,27,54,8.91997218132019,0.0
1779528338.135413,0.0,0.0,0.1989675347273536,0.0,0.0,0.0,0.0,1.6236000000000002,-0.5544000000000001,0.0,0.0,0.2,0.0,0.0,0.1989675347273536,0.0,0.0,0.0,square,2,0.2,0.25,27,54,8.929971933364868,0.0
1779528338.1454132,0.0,0.0,0.1989675347273536,0.0,0.0,0.0,-0.0396,1.584,-0.5544000000000001,0.0,0.0,0.2,0.0,0.0,0.1989675347273536,0.0,0.0,0.0,square,2,0.2,0.25,27,54,8.939971446990967,0.0
1779528338.1554132,0.0,0.0,0.1989675347273536,0.0,0.0,0.0,0.0396,1.7028,-0.5148,0.0,0.0,0.2,0.0,0.0,0.1989675347273536,0.0,0.0,0.0,square,2,0.2,0.25,27,54,8.949971675872803,0.0
1779528338.165433,0.0,0.0,0.1989675347273536,0.0,0.0,0.0,-0.0396,1.4652,-0.5148,0.0,0.0,0.2,0.0,0.0,0.1989675347273536,0.0,0.0,0.0,square,2,0.2,0.25,27,54,8.95997166633606,0.0
1779528338.1754115,0.0,0.0,0.1989675347273536,0.0,0.0,0.0,0.0,1.7028,-0.4752,0.0,0.0,0.2,0.0,0.0,0.1989675347273536,0.0020777729190408684,0.0,0.0,square,2,0.2,0.25,27,54,8.969991445541382,0.0
1779528338.1854107,0.0,0.0,0.1989675347273536,0.0020777729190408684,0.0,0.0,-0.0396,1.5048000000000001,-0.5148,0.0,0.0,0.2,0.0,0.0,0.1989675347273536,0.0,0.0,0.0,square,2,0.2,0.25,27,54,8.97996997833252,0.0
1779528338.1954558,0.0,0.0,0.1989675347273536,0.0,0.0,0.0,0.0,1.6632,-0.5148,0.0,0.0,0.2,0.0,0.0,0.1989675347273536,0.0,0.0,0.0020777729190408684,square,2,0.2,0.25,27,54,8.989969253540039,0.0
1779528338.2054102,0.0,0.0,0.1989675347273536,0.0,0.0,0.0020777729190408684,-0.0396,1.5444,-0.5940000000000001,0.0,0.0,0.2,0.0,0.0,0.1989675347273536,0.0,0.0,0.0,square,2,0.2,0.25,27,54,9.000014305114746,0.0
1779528338.2154157,0.0,0.0,0.1989675347273536,0.0,0.0,0.0,-0.0396,1.584,-0.4752,0.0,0.0,0.2,0.0,0.0,0.1989675347273536,0.0020777729190408684,0.0,0.0,square,2,0.2,0.25,27,54,9.009968757629395,0.0
1779528338.2254114,0.0,0.0,0.1989675347273536,0.0020777729190408684,0.0,0.0,-0.0396,1.5444,-0.4752,0.0,0.0,0.2,0.0,0.0,0.1989675347273536,0.0,0.0,0.0,square,2,0.2,0.25,27,54,9.01997423171997,0.0
1779528338.235414,0.0,0.0,0.1989675347273536,0.0,0.0,0.0,-0.0396,1.6632,-0.5544000000000001,0.0,0.0,0.2,0.0,0.0,0.1989675347273536,0.0,0.0,0.0,square,2,0.2,0.25,27,54,9.029969930648804,0.0
1779528338.245413,0.0,0.0,0.1989675347273536,0.0,0.0,0.0,0.0,1.6632,-0.5544000000000001,0.0,0.0,0.2,0.0,0.0,0.1989675347273536,0.0,-0.0020777729190408684,0.0,square,2,0.2,0.25,27,54,9.03997254371643,0.0
1779528338.2554188,0.0,0.0,0.1989675347273536,0.0,-0.0020777729190408684,0.0,0.0,1.6236000000000002,-0.5940000000000001,0.0,0.0,0.2,0.0,0.0,0.1989675347273536,0.0,0.0,0.0,square,2,0.2,0.25,27,54,9.049971580505371,0.0
1779528338.2654634,0.0,0.0,0.1989675347273536,0.0,0.0,0.0,-0.0396,1.7028,-0.5148,0.0,0.0,0.2,0.0,0.0,0.1989675347273536,-0.0020777729190408684,0.0,0.0,square,2,0.2,0.25,27,54,9.059977293014526,0.0
1779528338.275411,0.0,0.0,0.1989675347273536,-0.0020777729190408684,0.0,0.0,0.0,1.6236000000000002,-0.5148,0.0,0.0,0.2,0.0,0.0,0.1989675347273536,-0.0020777729190408684,0.0,0.0,square,2,0.2,0.25,27,54,9.070021867752075,0.0
1779528338.285448,0.0,0.0,0.1989675347273536,-0.0020777729190408684,0.0,0.0,-0.0396,1.7028,-0.5148,0.0,0.0,0.2,0.0,0.0,0.1989675347273536,-0.0020777729190408684,0.0,0.0,square,2,0.2,0.25,27,54,9.07996940612793,0.0
1779528338.2954173,0.0,0.0,0.1989675347273536,-0.0020777729190408684,0.0,0.0,-0.0396,1.7028,-0.5148,0.0,0.0,0.2,0.0,0.0,0.1989675347273536,0.0,0.0,0.0,square,2,0.2,0.25,27,54,9.090006589889526,0.0
1779528338.305413,0.0,0.0,0.1989675347273536,0.0,0.0,0.0,-0.0396,1.6632,-0.5148,0.0,0.0,0.2,0.0,0.0,0.1989675347273536,0.0,0.0,0.0,square,2,0.2,0.25,27,54,9.099975824356079,0.0
1779528338.3154175,0.0,0.0,0.1989675347273536,0.0,0.0,0.0,0.0,1.6632,-0.5544000000000001,0.0,0.0,0.2,0.0,0.0,0.1989675347273536,0.0,0.0,0.0,square,2,0.2,0.25,27,54,9.109971523284912,0.0
1779528338.3254106,0.0,0.0,0.1989675347273536,0.0,0.0,0.0,-0.0396,1.5444,-0.4752,0.0,0.0,0.2,0.0,0.0,0.1989675347273536,0.0020777729190408684,0.0,0.0,square,2,0.2,0.25,27,54,9.119976043701172,0.0
1779528338.3354104,0.0,0.0,0.1989675347273536,0.0020777729190408684,0.0,0.0,-0.0396,1.5444,-0.5544000000000001,0.0,0.0,0.2,0.0,0.0,0.1989675347273536,0.0,0.0,0.0,square,2,0.2,0.25,27,54,9.129969120025635,0.0
1779528338.3453827,0.0,0.0,0.1989675347273536,0.0,0.0,0.0,0.0,1.6632,-0.6336,0.0,0.0,0.2,0.0,0.0,0.1989675347273536,0.0,0.0,0.0,square,2,0.2,0.25,27,54,9.139968872070312,0.0
1779528338.3554156,0.0,0.0,0.1989675347273536,0.0,0.0,0.0,0.0,1.6236000000000002,-0.4752,0.0,0.0,0.2,0.0,0.0,0.1989675347273536,0.0020777729190408684,0.0,0.0,square,2,0.2,0.25,27,54,9.149941205978394,0.0
1779528338.365411,0.0,0.0,0.1989675347273536,0.0020777729190408684,0.0,0.0,0.0792,1.6632,-0.5940000000000001,0.0,0.0,0.2,0.0,0.0,0.1989675347273536,0.0,0.0,0.0,square,2,0.2,0.25,27,54,9.159974098205566,0.0
1779528338.375412,0.0,0.0,0.1989675347273536,0.0,0.0,0.0,-0.0792,1.584,-0.5544000000000001,0.0,0.0,0.2,0.0,0.0,0.1989675347273536,0.0,0.0,0.0,square,2,0.2,0.25,27,54,9.16996955871582,0.0
1779528338.3854153,0.0,0.0,0.1989675347273536,0.0,0.0,0.0,-0.0792,1.6632,-0.5544000000000001,0.0,0.0,0.2,0.0,0.0,0.1989675347273536,0.0,0.0,0.0,square,2,0.2,0.25,27,54,9.179970502853394,0.0
1779528338.395445,0.0,0.0,0.1989675347273536,0.0,0.0,0.0,0.0,1.4652,-0.4356,0.0,0.0,0.2,0.0,0.0,0.1989675347273536,0.0,0.0,0.0,square,2,0.2,0.25,27,54,9.189973831176758,0.0
1779528338.4054127,0.0,0.0,0.1989675347273536,0.0,0.0,0.0,-0.0396,1.5048000000000001,-0.5940000000000001,0.0,0.0,0.2,0.0,0.0,0.1989675347273536,0.0,0.0,0.0020777729190408684,square,2,0.2,0.25,27,54,9.200003623962402,0.0
1779528338.4154413,0.0,0.0,0.1989675347273536,0.0,0.0,0.0020777729190408684,-0.0396,1.584,-0.4356,0.0,0.0,0.2,0.0,0.0,0.1989675347273536,-0.0020777729190408684,0.0,0.0,square,2,0.2,0.25,27,54,9.209971189498901,0.0
1779528338.4254155,0.0,0.0,0.1989675347273536,-0.0020777729190408684,0.0,0.0,0.0,1.7028,-0.5148,0.0,0.0,0.2,0.0,0.0,0.1989675347273536,0.0020777729190408684,-0.0020777729190408684,0.0,square,2,0.2,0.25,27,54,9.21999979019165,0.0
1779528338.4354146,0.0,0.0,0.1989675347273536,0.0020777729190408684,-0.0020777729190408684,0.0,-0.0396,1.7028,-0.5148,0.0,0.0,0.2,0.0,0.0,0.1989675347273536,0.0,0.0,0.0,square,2,0.2,0.25,27,54,9.229974031448364,0.0
1779528338.4454298,0.0,0.0,0.1989675347273536,0.0,0.0,0.0,-0.0396,1.7028,-0.4752,0.0,0.0,0.2,0.0,0.0,0.1989675347273536,0.0,0.0,0.0,square,2,0.2,0.25,27,54,9.239973068237305,0.0
1779528338.4554129,0.0,0.0,0.1989675347273536,0.0,0.0,0.0,0.0,1.6236000000000002,-0.5940000000000001,0.0,0.0,0.2,0.0,0.0,0.1989675347273536,-0.0020777729190408684,0.0,0.0,square,2,0.2,0.25,27,54,9.249988317489624,0.0
1779528338.465419,0.0,0.0,0.1989675347273536,-0.0020777729190408684,0.0,0.0,-0.0396,1.5444,-0.4752,0.0,0.0,0.2,0.0,0.0,0.1989675347273536,0.0,0.0,0.0,square,2,0.2,0.25,27,54,9.259971380233765,0.0
1779528338.4754345,0.0,0.0,0.1989675347273536,0.0,0.0,0.0,-0.0396,1.6632,-0.5148,0.0,0.0,0.2,0.0,0.0,0.1989675347273536,0.0,0.0,0.0,square,2,0.2,0.25,27,54,9.269977569580078,0.0
1779528338.4854121,0.0,0.0,0.1989675347273536,0.0,0.0,0.0,-0.0792,1.584,-0.5544000000000001,0.0,0.0,0.2,0.0,0.0,0.1989675347273536,0.0,0.0,0.0,square,2,0.2,0.25,27,54,9.279993057250977,0.0
1779528338.4954107,0.0,0.0,0.1989675347273536,0.0,0.0,0.0,-0.0396,1.6632,-0.5148,0.0,0.0,0.2,0.0,0.0,0.1989675347273536,0.0,0.0,0.0,square,2,0.2,0.25,27,54,9.289970636367798,0.0
1779528338.5054092,0.0,0.0,0.1989675347273536,0.0,0.0,0.0,-0.0396,1.6632,-0.4752,0.0,0.0,0.2,0.0,0.0,0.1989675347273536,0.0,0.0,0.0,square,2,0.2,0.25,27,54,9.29996919631958,0.0
1779528338.5154128,0.0,0.0,0.1989675347273536,0.0,0.0,0.0,0.0,1.6632,-0.396,0.0,0.0,0.2,0.0,0.0,0.1989675347273536,-0.0020777729190408684,-0.0020777729190408684,0.0,square,2,0.2,0.25,27,54,9.309967756271362,0.0
1779528338.525414,0.0,0.0,0.1989675347273536,-0.0020777729190408684,-0.0020777729190408684,0.0,0.0,1.5444,-0.5544000000000001,0.0,0.0,0.2,0.0,0.0,0.1989675347273536,0.0,0.0,0.0020777729190408684,square,2,0.2,0.25,27,54,9.319971323013306,0.0
1779528338.5354106,0.0,0.0,0.1989675347273536,0.0,0.0,0.0020777729190408684,0.0,1.5444,0.5544000000000001,0.0,0.0,0.2,0.0,0.0,0.1989675347273536,0.0,0.0,0.0,square,2,0.2,0.25,27,54,9.329972505569458,0.0
1779528338.5454147,0.0,0.0,0.1989675347273536,0.0,0.0,0.0,-0.0396,1.7028,-0.5148,0.0,0.0,0.2,0.0,0.0,0.1989675347273536,0.0,0.0,0.0,square,2,0.2,0.25,27,54,9.339969158172607,0.0
1779528338.5554152,0.0,0.0,0.1989675347273536,0.0,0.0,0.0,0.0,1.5444,-0.4752,0.0,0.0,0.2,0.0,0.0,0.1989675347273536,0.0,0.0,0.0,square,2,0.2,0.25,27,54,9.349973201751709,0.0
1779528338.5654137,0.0,0.0,0.1989675347273536,0.0,0.0,0.0,-0.0792,1.5444,-0.4752,0.0,0.0,0.2,0.0,0.0,0.1989675347273536,0.0,0.0,0.0,square,2,0.2,0.25,27,54,9.359973669052124,0.0
1779528338.5754113,0.0,0.0,0.1989675347273536,0.0,0.0,0.0,-0.0396,1.584,-0.4752,0.0,0.0,0.2,0.0,0.0,0.1989675347273536,0.0,0.0,-0.0020777729190408684,square,2,0.2,0.25,27,54,9.369972229003906,0.0
1779528338.5854108,0.0,0.0,0.1989675347273536,0.0,0.0,-0.0020777729190408684,-0.0396,1.7028,-0.4356,0.0,0.0,0.2,0.0,0.0,0.1989675347273536,0.0,0.0,0.0,square,2,0.2,0.25,27,54,9.379969835281372,0.0
1779528338.5954106,0.0,0.0,0.1989675347273536,0.0,0.0,0.0,-0.0792,1.5444,-0.4752,0.0,0.0,0.2,0.0,0.0,0.1989675347273536,0.0,0.0,0.0,square,2,0.2,0.25,27,54,9.38996934890747,0.0
1779528338.605434,0.0,0.0,0.1989675347273536,0.0,0.0,0.0,-0.0792,1.7424,-0.5148,0.0,0.0,0.2,0.0,0.0,0.1989675347273536,0.0,0.0,0.0,square,2,0.2,0.25,27,54,9.399969100952148,0.0
1779528338.615412,0.0,0.0,0.1989675347273536,0.0,0.0,0.0,-0.0792,1.7424,-0.5148,0.0,0.0,0.2,0.0,0.0,0.1989675347273536,0.0,0.0,0.0,square,2,0.2,0.25,27,54,9.409992456436157,0.0
1779528338.6254115,0.0,0.0,0.1989675347273536,0.0,0.0,0.0,-0.0396,1.6632,-0.4752,0.0,0.0,0.2,0.0,0.0,0.1989675347273536,0.0,0.0,0.0,square,2,0.2,0.25,27,54,9.419970512390137,0.0
1779528338.635414,0.0,0.0,0.1989675347273536,0.0,0.0,0.0,-0.0396,1.7028,-0.4356,0.0,0.0,0.2,0.0,0.0,0.1989675347273536,0.0,0.0,0.0,square,2,0.2,0.25,27,54,9.429970026016235,0.0
1779528338.6453836,0.0,0.0,0.1989675347273536,0.0,0.0,0.0,0.0,1.6236000000000002,-0.396,0.0,0.0,0.2,0.0,0.0,0.1989675347273536,0.0,0.0,0.0,square,2,0.2,0.25,27,54,9.439972400665283,0.0
1779528338.6554139,0.0,0.0,0.1989675347273536,0.0,0.0,0.0,-0.0396,1.584,-0.4356,0.0,0.0,0.2,0.0,0.0,0.1989675347273536,0.0,0.0,0.0,square,2,0.2,0.25,27,54,9.449942111968994,0.0
1779528338.6654148,0.0,0.0,0.1989675347273536,0.0,0.0,0.0,-0.0396,1.584,-0.4356,0.0,0.0,0.2,0.0,0.0,0.1989675347273536,0.0,-0.0020777729190408684,0.0,square,2,0.2,0.25,27,54,9.459972381591797,0.0
1779528338.6754146,0.0,0.0,0.1989675347273536,0.0,-0.0020777729190408684,0.0,0.0,1.6632,-0.5544000000000001,0.0,0.0,0.2,0.0,0.0,0.1989675347273536,0.0020777729190408684,0.0,0.0,square,2,0.2,0.25,27,54,9.46997332572937,0.0
1779528338.685414,0.0,0.0,0.1989675347273536,0.0020777729190408684,0.0,0.0,-0.0396,1.5048000000000001,-0.5148,0.0,0.0,0.2,0.0,0.0,0.1989675347273536,0.0,0.0,0.0,square,2,0.2,0.25,27,54,9.479973077774048,0.0
1779528338.6954105,0.0,0.0,0.1989675347273536,0.0,0.0,0.0,-0.0396,1.7028,-0.4752,0.0,0.0,0.2,0.0,0.0,0.1989675347273536,0.0,0.0,0.0,square,2,0.2,0.25,27,54,9.489972591400146,0.0
1779528338.7054107,0.0,0.0,0.1989675347273536,0.0,0.0,0.0,-0.0396,1.6632,-0.396,0.0,0.0,0.2,0.0,0.0,0.1989675347273536,0.0,0.0,0.0,square,2,0.2,0.25,27,54,9.499969005584717,0.0
1779528338.7153826,0.0,0.0,0.1989675347273536,0.0,0.0,0.0,-0.0396,1.584,-0.4356,0.0,0.0,0.2,0.0,0.0,0.1989675347273536,-0.0020777729190408684,0.0,0.0,square,2,0.2,0.25,27,54,9.509969234466553,0.0
1779528338.725484,0.0,0.0,0.1989675347273536,-0.0020777729190408684,0.0,0.0,-0.0792,1.6632,-0.4752,0.0,0.0,0.2,0.0,0.0,0.1989675347273536,0.0,-0.0020777729190408684,0.0,square,2,0.2,0.25,27,54,9.519941091537476,0.0
1779528338.735665,0.0,0.0,0.1989675347273536,0.0,-0.0020777729190408684,0.0,-0.0792,1.6236000000000002,-0.396,0.0,0.0,0.2,0.0,0.0,0.1989675347273536,0.0,0.0,-0.0020777729190408684,square,2,0.2,0.25,27,54,9.53004240989685,0.0
1779528338.745412,0.0,0.0,0.1989675347273536,0.0,0.0,-0.0020777729190408684,-0.0396,1.6236000000000002,-0.5148,0.0,0.0,0.2,0.0,0.0,0.1989675347273536,0.0,0.0,0.0,square,2,0.2,0.25,27,54,9.540223598480225,0.0
1779528338.7553837,0.0,0.0,0.1989675347273536,0.0,0.0,0.0,-0.0396,1.584,-0.5148,0.0,0.0,0.2,0.0,0.0,0.1989675347273536,0.0,0.0,0.0,square,2,0.2,0.25,27,54,9.549970626831055,0.0
1779528338.76565,0.0,0.0,0.1989675347273536,0.0,0.0,0.0,-0.0396,1.7028,-0.4752,0.0,0.0,0.2,0.0,0.0,0.1989675347273536,0.0,0.0,0.0,square,2,0.2,0.25,27,54,9.559942245483398,0.0
1779528338.7754114,0.0,0.0,0.1989675347273536,0.0,0.0,0.0,-0.0792,1.6236000000000002,-0.4356,0.0,0.0,0.2,0.0,0.0,0.1989675347273536,0.0,0.0,0.0,square,2,0.2,0.25,27,54,9.570208549499512,0.0
1779528338.7854636,0.0,0.0,0.1989675347273536,0.0,0.0,0.0,-0.0396,1.5048000000000001,-0.5148,0.0,0.0,0.2,0.0,0.0,0.1989675347273536,0.0,0.0,0.0,square,2,0.2,0.25,27,54,9.579969882965088,0.0
1779528338.7954535,0.0,0.0,0.1989675347273536,0.0,0.0,0.0,-0.0396,1.5444,-0.5148,0.0,0.0,0.2,0.0,0.0,0.1989675347273536,0.0,0.0,0.0,square,2,0.2,0.25,27,54,9.590022087097168,0.0
1779528338.8054461,0.0,0.0,0.1989675347273536,0.0,0.0,0.0,0.0,1.6632,-0.4356,0.0,0.0,0.2,0.0,0.0,0.1989675347273536,0.0,0.0,0.0,square,2,0.2,0.25,27,54,9.600012063980103,0.0
1779528338.8155043,0.0,0.0,0.1989675347273536,0.0,0.0,0.0,-0.0396,1.6236000000000002,-0.35639999999999994,0.0,0.0,0.2,0.0,0.0,0.1989675347273536,0.0,0.0,0.0,square,2,0.2,0.25,27,54,9.610004663467407,0.0
1779528338.8254135,0.0,0.0,0.1989675347273536,0.0,0.0,0.0,-0.0396,1.6236000000000002,-0.5148,0.0,0.0,0.2,0.0,0.0,0.1989675347273536,0.0,0.0,0.0,square,2,0.2,0.25,27,54,9.620062828063965,0.0
1779528338.835411,0.0,0.0,0.1989675347273536,0.0,0.0,0.0,-0.0792,1.6632,-0.396,0.0,0.0,0.2,0.0,0.0,0.1989675347273536,0.0,0.0,0.0,square,2,0.2,0.25,27,54,9.629971981048584,0.0
1779528338.8454106,0.0,0.0,0.1989675347273536,0.0,0.0,0.0,-0.0396,1.7028,-0.396,0.0,0.0,0.2,0.0,0.0,0.1989675347273536,0.0,0.0,0.0,square,2,0.2,0.25,27,54,9.63996958732605,0.0
1779528338.8554125,0.0,0.0,0.1989675347273536,0.0,0.0,0.0,-0.0792,1.7028,-0.4356,0.0,0.0,0.2,0.0,0.0,0.1989675347273536,0.0,0.0,0.0,square,2,0.2,0.25,27,54,9.649969100952148,0.0
1779528338.865417,0.0,0.0,0.1989675347273536,0.0,0.0,0.0,-0.0396,1.584,-0.5148,0.0,0.0,0.2,0.0,0.0,0.1989675347273536,0.0,0.0,0.0,square,2,0.2,0.25,27,54,9.659970998764038,0.0
1779528338.875408,0.0,0.0,0.1989675347273536,0.0,0.0,0.0,-0.0396,1.5444,-0.5148,0.0,0.0,0.2,0.0,0.0,0.1989675347273536,0.0,0.0,0.0,square,2,0.2,0.25,27,54,9.669975519180298,0.0
1779528338.885411,0.0,0.0,0.1989675347273536,0.0,0.0,0.0,-0.0792,1.584,-0.396,0.0,0.0,0.2,0.0,0.0,0.1989675347273536,0.0,0.0,0.0,square,2,0.2,0.25,27,54,9.679966449737549,0.0
1779528338.8954105,0.0,0.0,0.1989675347273536,0.0,0.0,0.0,-0.0396,1.6236000000000002,-0.396,0.0,0.0,0.2,0.0,0.0,0.1989675347273536,0.0,0.0,0.0,square,2,0.2,0.25,27,54,9.689969539642334,0.0
1779528338.9054132,0.0,0.0,0.1989675347273536,0.0,0.0,0.0,-0.0792,1.6236000000000002,-0.4356,0.0,0.0,0.2,0.0,0.0,0.1989675347273536,0.0,0.0,0.0,square,2,0.2,0.25,27,54,9.699969053268433,0.0
1779528338.915415,0.0,0.0,0.1989675347273536,0.0,0.0,0.0,-0.0396,1.7028,-0.4356,0.0,0.0,0.2,0.0,0.0,0.1989675347273536,0.0,0.0,0.0,square,2,0.2,0.25,27,54,9.70997166633606,0.0
1779528338.9254847,0.0,0.0,0.1989675347273536,0.0,0.0,0.0,0.0792,1.7028,-0.4752,0.0,0.0,0.2,0.0,0.0,0.1989675347273536,0.0,0.0,0.0,square,2,0.2,0.25,27,54,9.71997356414795,0.0
1779528338.9354134,0.0,0.0,0.1989675347273536,0.0,0.0,0.0,0.0,1.7028,-0.5148,0.0,0.0,0.2,0.0,0.0,0.1989675347273536,0.0,0.0,0.0,square,2,0.2,0.25,27,54,9.730043172836304,0.0
1779528338.9454129,0.0,0.0,0.1989675347273536,0.0,0.0,0.0,-0.0396,1.6632,-0.4752,0.0,0.0,0.2,0.0,0.0,0.1989675347273536,0.0,0.0020777729190408684,0.0,square,2,0.2,0.25,27,54,9.73997187614441,0.0
1779528338.9554188,0.0,0.0,0.1989675347273536,0.0,0.0020777729190408684,0.0,-0.0396,1.6236000000000002,-0.4356,0.0,0.0,0.2,0.0,0.0,0.1989675347273536,0.0,0.0,0.0,square,2,0.2,0.25,27,54,9.749971389770508,0.0
1779528338.9655297,0.0,0.0,0.1989675347273536,0.0,0.0,0.0,-0.0396,1.6632,-0.4356,0.0,0.0,0.2,0.0,0.0,0.1989675347273536,0.0,0.0,0.0,square,2,0.2,0.25,27,54,9.759977340698242,0.0
1779528338.975414,0.0,0.0,0.1989675347273536,0.0,0.0,0.0,-0.0396,1.7028,-0.5148,0.0,0.0,0.2,0.0,0.0,0.1989675347273536,0.0,0.0,0.0,square,2,0.2,0.25,27,54,9.770088195800781,0.0
1779528338.9854143,0.0,0.0,0.1989675347273536,0.0,0.0,0.0,-0.0792,1.7028,-0.396,0.0,0.0,0.2,0.0,0.0,0.1989675347273536,0.0,0.0,0.0,square,2,0.2,0.25,27,54,9.779972553253174,0.0
1779528338.995413,0.0,0.0,0.1989675347273536,0.0,0.0,0.0,-0.0396,1.5444,-0.4752,0.0,0.0,0.2,0.0,0.0,0.1989675347273536,0.0,0.0,0.0,square,2,0.2,0.25,27,54,9.78997278213501,0.0
1779528339.0054135,0.0,0.0,0.1989675347273536,0.0,0.0,0.0,0.0,1.6632,-0.4356,0.0,0.0,0.2,0.0,0.0,0.1989675347273536,0.0020777729190408684,0.0,0.0,square,2,0.2,0.25,27,54,9.799971580505371,0.0
1779528339.0154138,0.0,0.0,0.1989675347273536,0.0020777729190408684,0.0,0.0,-0.0396,1.5048000000000001,-0.35639999999999994,0.0,0.0,0.2,0.0,0.0,0.1989675347273536,0.0,0.0,0.0,square,2,0.2,0.25,27,54,9.809972047805786,0.0
1779528339.025413,0.0,0.0,0.1989675347273536,0.0,0.0,0.0,-0.1188,1.584,-0.4356,0.0,0.0,0.2,0.0,0.0,0.1989675347273536,0.0,0.0,0.0,square,2,0.2,0.25,27,54,9.819972276687622,0.0
1779528339.0354097,0.0,0.0,0.1989675347273536,0.0,0.0,0.0,0.0,1.5048000000000001,-0.2376,0.0,0.0,0.2,0.0,0.0,0.1989675347273536,0.0,-0.0020777729190408684,0.0,square,2,0.2,0.25,27,54,9.829971551895142,0.0
1779528339.0454082,0.0,0.0,0.1989675347273536,0.0,-0.0020777729190408684,0.0,-0.0792,1.5444,-0.5148,0.0,0.0,0.2,0.0,0.0,0.1989675347273536,0.0,0.0,0.0,square,2,0.2,0.25,27,54,9.839968204498291,0.0
1779528339.0554602,0.0,0.0,0.1989675347273536,0.0,0.0,0.0,-0.1188,1.5444,-0.396,0.0,0.0,0.2,0.0,0.0,0.1989675347273536,0.0,-0.0020777729190408684,0.0,square,2,0.2,0.25,27,54,9.849966764450073,0.0
1779528339.065439,0.0,0.0,0.1989675347273536,0.0,-0.0020777729190408684,0.0,-0.0396,1.6632,-0.35639999999999994,0.0,0.0,0.2,0.0,0.0,0.1989675347273536,0.0,0.0,-0.0020777729190408684,square,2,0.2,0.25,27,54,9.860018730163574,0.0
1779528339.07541,0.0,0.0,0.1989675347273536,0.0,0.0,-0.0020777729190408684,-0.0396,1.6632,-0.35639999999999994,0.0,0.0,0.2,0.0,0.0,0.1989675347273536,0.0,-0.0020777729190408684,0.0,square,2,0.2,0.25,27,54,9.869997501373291,0.0
1779528339.0854094,0.0,0.0,0.1989675347273536,0.0,-0.0020777729190408684,0.0,-0.0396,1.6632,-0.4356,0.0,0.0,0.2,0.0,0.0,0.1989675347273536,0.0,0.0,0.0,square,2,0.2,0.25,27,54,9.879968404769897,0.0
1779528339.0954142,0.0,0.0,0.1989675347273536,0.0,0.0,0.0,-0.0396,1.5048000000000001,-0.27720000000000006,0.0,0.0,0.2,0.0,0.0,0.1989675347273536,0.0,0.0,0.0,square,2,0.2,0.25,27,54,9.889967918395996,0.0
1779528339.1054113,0.0,0.0,0.1989675347273536,0.0,0.0,0.0,-0.0396,1.7424,-0.396,0.0,0.0,0.2,0.0,0.0,0.1989675347273536,0.0,0.0,0.0,square,2,0.2,0.25,27,54,9.899972677230835,0.0
1779528339.1154199,0.0,0.0,0.1989675347273536,0.0,0.0,0.0,-0.0792,1.6236000000000002,-0.4752,0.0,0.0,0.2,0.0,0.0,0.1989675347273536,0.0,0.0,0.0,square,2,0.2,0.25,27,54,9.909969806671143,0.0
1779528339.1254294,0.0,0.0,0.1989675347273536,0.0,0.0,0.0,-0.0792,1.7028,-0.396,0.0,0.0,0.2,0.0,0.0,0.1989675347273536,0.0,0.0,0.0,square,2,0.2,0.25,27,54,9.919978380203247,0.0
1779528339.1354115,0.0,0.0,0.1989675347273536,0.0,0.0,0.0,-0.1188,1.6236000000000002,-0.35639999999999994,0.0,0.0,0.2,0.0,0.0,0.1989675347273536,0.0,0.0,0.0,square,2,0.2,0.25,27,54,9.929987907409668,0.0
1779528339.1454117,0.0,0.0,0.1989675347273536,0.0,0.0,0.0,-0.0792,1.6632,-0.35639999999999994,0.0,0.0,0.2,0.0,0.0,0.1989675347273536,0.0,0.0,0.0,square,2,0.2,0.25,27,54,9.939970016479492,0.0
1779528339.1554134,0.0,0.0,0.1989675347273536,0.0,0.0,0.0,-0.0792,1.6632,-0.35639999999999994,0.0,0.0,0.2,0.0,0.0,0.1989675347273536,0.0,-0.0020777729190408684,0.0,square,2,0.2,0.25,27,54,9.949970245361328,0.0
1779528339.165411,0.0,0.0,0.1989675347273536,0.0,-0.0020777729190408684,0.0,-0.0792,1.7028,-0.35639999999999994,0.0,0.0,0.2,0.0,0.0,0.1989675347273536,0.0,0.0,0.0,square,2,0.2,0.25,27,54,9.959971904754639,0.0
1779528339.175414,0.0,0.0,0.1989675347273536,0.0,0.0,0.0,0.0792,1.7028,-0.3168,0.0,0.0,0.2,0.0,0.0,0.1989675347273536,0.0,0.0,0.0,square,2,0.2,0.25,27,54,9.969969511032104,0.0
1779528339.1854155,0.0,0.0,0.1989675347273536,0.0,0.0,0.0,0.0,1.7424,0.5148,0.0,0.0,0.2,0.0,0.0,0.1989675347273536,0.0,0.0,0.0,square,2,0.2,0.25,27,54,9.97997260093689,0.0
1779528339.19541,0.0,0.0,0.1989675347273536,0.0,0.0,0.0,-0.0396,1.7028,-0.3168,0.0,0.0,0.2,0.0,0.0,0.1989675347273536,0.0,-0.0020777729190408684,0.0,square,2,0.2,0.25,27,54,9.989974021911621,0.0
1779528339.205411,0.0,0.0,0.1989675347273536,0.0,-0.0020777729190408684,0.0,-0.0396,1.6236000000000002,-0.2376,0.0,0.0,0.2,0.0,0.0,0.1989675347273536,0.0,0.0,0.0,square,2,0.2,0.25,27,54,9.999968528747559,0.0
1779528339.2154136,0.0,0.0,0.1989675347273536,0.0,0.0,0.0,-0.0396,1.7028,-0.4752,0.0,0.0,-0.2,0.0,0.0,0.1989675347273536,0.0,0.0,0.0,square,2,0.2,0.25,27,54,10.009969472885132,0.0
1779528339.2254107,0.0,0.0,0.1989675347273536,0.0,0.0,0.0,-0.0396,1.7028,-0.4356,0.0,0.0,-0.2,0.0,0.0,0.1989675347273536,0.0,0.0,0.0,square,2,0.2,0.25,27,54,10.019972085952759,0.0
1779528339.235412,0.0,0.0,0.1989675347273536,0.0,0.0,0.0,-0.0792,1.6236000000000002,-0.3168,0.0,0.0,-0.2,0.0,0.0,0.1989675347273536,0.0,0.0,0.0,square,2,0.2,0.25,27,54,10.029969215393066,0.0
1779528339.245414,0.0,0.0,0.1989675347273536,0.0,0.0,0.0,0.0792,3.2868000000000004,3.8016,0.0,0.0,-0.2,0.0,0.0,0.1832595714594046,0.0,-0.0020777729190408684,-1.4170411307858721,square,2,0.2,0.25,27,54,10.039970397949219,0.0
1779528339.2554095,0.0,0.0,0.1832595714594046,0.0,-0.0020777729190408684,-1.4170411307858721,-0.2376,1.2276,1.5048000000000001,0.0,0.0,-0.2,0.0,0.0,0.1518436449235067,0.0,-0.010388864595204342,-2.8195378511384583,square,2,0.2,0.25,27,54,10.049972534179688,0.0
1779528339.2654114,0.0,0.0,0.1518436449235067,0.0,-0.010388864595204342,-2.8195378511384583,-0.0396,0.792,4.831199999999999,0.0,0.0,-0.2,0.0,0.0,0.10821041362364843,0.0020777729190408684,0.0,-4.010101733748876,square,2,0.2,0.25,27,54,10.059967994689941,0.0
1779528339.2754438,0.0,0.0,0.10821041362364843,0.0020777729190408684,0.0,-4.010101733748876,-0.198,1.2276,1.7028,0.0,0.0,-0.2,0.0,0.0,0.061086523819801536,0.0020777729190408684,0.0,-4.558633784375665,square,2,0.2,0.25,27,54,10.069969892501831,0.0
1779528339.2854347,0.0,0.0,0.061086523819801536,0.0020777729190408684,0.0,-4.558633784375665,0.198,1.3068,0.35639999999999994,0.0,0.0,-0.2,0.0,0.0,0.015707963267948967,0.0,0.004155545838081737,-4.519156098913888,square,2,0.2,0.25,27,54,10.080002307891846,0.0
1779528339.295414,0.0,0.0,0.015707963267948967,0.0,0.004155545838081737,-4.519156098913888,0.1188,1.6236000000000002,-4.2372000000000005,0.0,0.0,-0.2,0.0,0.0,-0.019198621771937627,0.0,0.010388864595204342,-3.848035446063688,square,2,0.2,0.25,27,54,10.089993238449097,0.0
1779528339.3054137,0.0,0.0,-0.019198621771937627,0.0,0.010388864595204342,-3.848035446063688,0.0396,1.7028,-0.8316,0.0,0.0,-0.2,0.0,0.0,-0.050614548307835565,-0.0020777729190408684,0.0,-3.2621034828941635,square,2,0.2,0.25,27,54,10.099972486495972,0.0
1779528339.3154128,0.0,0.0,-0.050614548307835565,-0.0020777729190408684,0.0,-3.2621034828941635,-0.1584,1.4652,-0.4356,0.0,0.0,-0.2,0.0,0.0,-0.07853981633974483,-0.0020777729190408684,0.0020777729190408684,-2.8174600782194177,square,2,0.2,0.25,27,54,10.10997223854065,0.0
1779528339.3254123,0.0,0.0,-0.07853981633974483,-0.0020777729190408684,0.0020777729190408684,-2.8174600782194177,-0.1584,1.3464,-1.3860000000000001,0.0,0.0,-0.2,0.0,0.0,-0.10122909661567113,0.0,-0.0020777729190408684,-2.3541167172733037,square,2,0.2,0.25,27,54,10.11997127532959,0.0
1779528339.3354087,0.0,0.0,-0.10122909661567113,0.0,-0.0020777729190408684,-2.3541167172733037,0.0396,1.2672,-0.0792,0.0,0.0,-0.2,0.0,0.0,-0.11868238913561442,0.004155545838081737,0.0,-1.9655731814126616,square,2,0.2,0.25,27,54,10.129970788955688,0.0
1779528339.345412,0.0,0.0,-0.11868238913561442,0.004155545838081737,0.0,-1.9655731814126616,0.0792,1.4255999999999998,-0.4356,0.0,0.0,-0.2,0.0,0.0,-0.1343903524035634,0.0020777729190408684,0.0,-1.6310517414470818,square,2,0.2,0.25,27,54,10.139967203140259,0.0
1779528339.3554134,0.0,0.0,-0.1343903524035634,0.0020777729190408684,0.0,-1.6310517414470818,-0.1188,1.3464,-0.0792,0.0,0.0,-0.2,0.0,0.0,-0.14835298641951802,0.0,-0.0020777729190408684,-1.3463968515384828,square,2,0.2,0.25,27,54,10.149970531463623,0.0
1779528339.365411,0.0,0.0,-0.14835298641951802,0.0,-0.0020777729190408684,-1.3463968515384828,-0.0396,1.3068,-0.1188,0.0,0.0,-0.2,0.0,0.0,-0.158824961931484,0.0,0.0,-1.0991418741726193,square,2,0.2,0.25,27,54,10.159971952438354,0.0
1779528339.375421,0.0,0.0,-0.158824961931484,0.0,0.0,-1.0991418741726193,-0.0792,1.4652,0.0792,0.0,0.0,-0.2,0.0,0.0,-0.1658062789394613,0.0,0.0,-0.9017534468637369,square,2,0.2,0.25,27,54,10.16996955871582,0.0
1779528339.3854153,0.0,0.0,-0.1658062789394613,0.0,0.0,-0.9017534468637369,-0.0396,1.4652,-0.1584,0.0,0.0,-0.2,0.0,0.0,-0.17278759594743864,0.0,0.0,-0.7292982945833448,square,2,0.2,0.25,27,54,10.1799795627594,0.0
1779528339.395412,0.0,0.0,-0.17278759594743864,0.0,0.0,-0.7292982945833448,-0.0792,1.4255999999999998,0.198,0.0,0.0,-0.2,0.0,0.0,-0.17976891295541597,0.0,0.0020777729190408684,-0.5859319631695249,square,2,0.2,0.25,27,54,10.189973831176758,0.0
1779528339.4054086,0.0,0.0,-0.17976891295541597,0.0,0.0020777729190408684,-0.5859319631695249,-0.0792,1.3860000000000001,0.0,0.0,0.0,-0.2,0.0,0.0,-0.1832595714594046,-0.0020777729190408684,0.0,-0.47996554429844057,square,2,0.2,0.25,27,54,10.199970483779907,0.0
1779528339.4154196,0.0,0.0,-0.1832595714594046,-0.0020777729190408684,0.0,-0.47996554429844057,0.0,1.3464,0.1584,0.0,0.0,-0.2,0.0,0.0,-0.1832595714594046,-0.0020777729190408684,0.0,-0.47996554429844057,square,2,0.2,0.25,27,54,10.209967136383057,0.0
1779528339.425412,0.0,0.0,-0.1832595714594046,-0.0020777729190408684,0.0,-0.47996554429844057,0.0,1.3464,0.1584,0.0,0.0,-0.2,0.0,0.0,-0.19024088846738194,-0.0020777729190408684,0.0,-0.30543261909900765,square,2,0.2,0.25,27,54,10.219978094100952,0.0
1779528339.4354115,0.0,0.0,-0.19024088846738194,-0.0020777729190408684,0.0,-0.30543261909900765,0.0,1.4652,-0.1584,0.0,0.0,-0.2,0.0,0.0,-0.19198621771937624,0.0,0.0020777729190408684,-0.2243994752564138,square,2,0.2,0.25,27,54,10.229970455169678,0.0
1779528339.4454117,0.0,0.0,-0.19198621771937624,0.0,0.0020777729190408684,-0.2243994752564138,0.0,1.3860000000000001,0.3168,0.0,0.0,-0.2,0.0,0.0,-0.1937315469713706,0.0020777729190408684,0.0020777729190408684,-0.19323288147080075,square,2,0.2,0.25,27,54,10.239969968795776,0.0
1779528339.4554133,0.0,0.0,-0.1937315469713706,0.0020777729190408684,0.0020777729190408684,-0.19323288147080075,-0.1584,1.5048000000000001,0.0396,0.0,0.0,-0.2,0.0,0.0,-0.1954768762233649,0.004155545838081737,0.0,-0.1516774230899834,square,2,0.2,0.25,27,54,10.249970197677612,0.0
1779528339.4654124,0.0,0.0,-0.1954768762233649,0.004155545838081737,0.0,-0.1516774230899834,0.27720000000000006,1.4652,0.1584,0.0,0.0,-0.2,0.0,0.0,-0.19722220547535924,0.0020777729190408684,0.0,-0.11427751054724776,square,2,0.2,0.25,27,54,10.259971857070923,0.0
1779528339.4753737,0.0,0.0,-0.19722220547535924,0.0020777729190408684,0.0,-0.11427751054724776,0.3168,1.4652,0.3168,0.0,0.0,-0.2,0.0,0.0,-0.19722220547535924,0.0,0.0,-0.078955370923553,square,2,0.2,0.25,27,54,10.269970893859863,0.0
1779528339.485449,0.0,0.0,-0.19722220547535924,0.0,0.0,-0.078955370923553,0.2376,1.4652,0.6732,0.0,0.0,-0.2,0.0,0.0,-0.19722220547535924,-0.004155545838081737,0.0,-0.05194432297602171,square,2,0.2,0.25,27,54,10.279932260513306,0.0
1779528339.4954152,0.0,0.0,-0.19722220547535924,-0.004155545838081737,0.0,-0.05194432297602171,-0.0396,1.4652,0.9504,0.0,0.0,-0.2,0.0,0.0,-0.19722220547535924,-0.0020777729190408684,0.0,-0.05194432297602171,square,2,0.2,0.25,27,54,10.290007591247559,0.0
1779528339.5054128,0.0,0.0,-0.19722220547535924,-0.0020777729190408684,0.0,-0.05194432297602171,0.0,1.4652,0.6732,0.0,0.0,-0.2,0.0,0.0,-0.1989675347273536,0.0,0.0,-0.035322139623694765,square,2,0.2,0.25,27,54,10.299973726272583,0.0
1779528339.5154154,0.0,0.0,-0.1989675347273536,0.0,0.0,-0.035322139623694765,0.0,1.3464,0.7524000000000001,0.0,0.0,-0.2,0.0,0.0,-0.1989675347273536,0.0,0.0,-0.020777729190408684,square,2,0.2,0.25,27,54,10.309971332550049,0.0
1779528339.5254092,0.0,0.0,-0.1989675347273536,0.0,0.0,-0.020777729190408684,0.0,1.3860000000000001,0.8712,0.0,0.0,-0.2,0.0,0.0,-0.1989675347273536,0.0,0.0,-0.018699956271367814,square,2,0.2,0.25,27,54,10.319973945617676,0.0
1779528339.5354111,0.0,0.0,-0.1989675347273536,0.0,0.0,-0.018699956271367814,0.0,1.4652,0.792,0.0,0.0,-0.2,0.0,0.0,-0.1989675347273536,0.0020777729190408684,0.0,-0.022855502109449553,square,2,0.2,0.25,27,54,10.329967737197876,0.0
1779528339.5454159,0.0,0.0,-0.1989675347273536,0.0020777729190408684,0.0,-0.022855502109449553,-0.1584,1.4255999999999998,0.2376,0.0,0.0,-0.2,0.0,0.0,-0.1989675347273536,0.0,0.0,-0.01246663751424521,square,2,0.2,0.25,27,54,10.339969635009766,0.0
1779528339.5554154,0.0,0.0,-0.1989675347273536,0.0,0.0,-0.01246663751424521,-0.1584,1.3860000000000001,0.3168,0.0,0.0,-0.2,0.0,0.0,-0.1989675347273536,0.0,0.0,-0.006233318757122605,square,2,0.2,0.25,27,54,10.349974393844604,0.0
1779528339.565411,0.0,0.0,-0.1989675347273536,0.0,0.0,-0.006233318757122605,-0.1188,1.3464,0.35639999999999994,0.0,0.0,-0.2,0.0,0.0,-0.1989675347273536,0.0,0.0,-0.004155545838081737,square,2,0.2,0.25,27,54,10.359973907470703,0.0
1779528339.5754495,0.0,0.0,-0.1989675347273536,0.0,0.0,-0.004155545838081737,-0.1188,1.3068,0.5544000000000001,0.0,0.0,-0.2,0.0,0.0,-0.1989675347273536,0.0,0.0,0.0,square,2,0.2,0.25,27,54,10.369969606399536,0.0
1779528339.5854104,0.0,0.0,-0.1989675347273536,0.0,0.0,0.0,-0.1584,1.2276,0.35639999999999994,0.0,0.0,-0.2,0.0,0.0,-0.1989675347273536,-0.0020777729190408684,0.0,0.0,square,2,0.2,0.25,27,54,10.380007982254028,0.0
1779528339.5954084,0.0,0.0,-0.1989675347273536,-0.0020777729190408684,0.0,0.0,-0.0396,1.3860000000000001,0.5148,0.0,0.0,-0.2,0.0,0.0,-0.1989675347273536,-0.0020777729190408684,0.0020777729190408684,0.0,square,2,0.2,0.25,27,54,10.389968872070312,0.0
1779528339.6054316,0.0,0.0,-0.1989675347273536,-0.0020777729190408684,0.0020777729190408684,0.0,0.0,1.3068,0.35639999999999994,0.0,0.0,-0.2,0.0,0.0,-0.1989675347273536,-0.0020777729190408684,0.0,0.0,square,2,0.2,0.25,27,54,10.399966955184937,0.0
1779528339.6155465,0.0,0.0,-0.1989675347273536,-0.0020777729190408684,0.0,0.0,-0.0396,1.3068,0.35639999999999994,0.0,0.0,-0.2,0.0,0.0,-0.1989675347273536,-0.0020777729190408684,0.0,0.0,square,2,0.2,0.25,27,54,10.409990072250366,0.0
1779528339.6254125,0.0,0.0,-0.1989675347273536,-0.0020777729190408684,0.0,0.0,-0.0396,1.3068,0.35639999999999994,0.0,0.0,-0.2,0.0,0.0,-0.1989675347273536,0.0,0.0,0.0,square,2,0.2,0.25,27,54,10.42010498046875,0.0
1779528339.635413,0.0,0.0,-0.1989675347273536,0.0,0.0,0.0,0.0,1.3860000000000001,0.35639999999999994,0.0,0.0,-0.2,0.0,0.0,-0.1989675347273536,0.0020777729190408684,0.0,0.0,square,2,0.2,0.25,27,54,10.429970979690552,0.0
1779528339.645424,0.0,0.0,-0.1989675347273536,0.0020777729190408684,0.0,0.0,-0.1188,1.3068,0.27720000000000006,0.0,0.0,-0.2,0.0,0.0,-0.1989675347273536,0.0,0.0020777729190408684,0.0,square,2,0.2,0.25,27,54,10.439971446990967,0.0
1779528339.655414,0.0,0.0,-0.1989675347273536,0.0,0.0020777729190408684,0.0,-0.1584,1.3860000000000001,0.35639999999999994,0.0,0.0,-0.2,0.0,0.0,-0.1989675347273536,0.0020777729190408684,0.0,0.0,square,2,0.2,0.25,27,54,10.449982404708862,0.0
1779528339.6654131,0.0,0.0,-0.1989675347273536,0.0020777729190408684,0.0,0.0,-0.198,1.2672,0.27720000000000006,0.0,0.0,-0.2,0.0,0.0,-0.1989675347273536,0.0020777729190408684,0.0,0.0020777729190408684,square,2,0.2,0.25,27,54,10.459972620010376,0.0
1779528339.6754134,0.0,0.0,-0.1989675347273536,0.0020777729190408684,0.0,0.0020777729190408684,0.198,1.1880000000000002,0.198,0.0,0.0,-0.2,0.0,0.0,-0.1989675347273536,0.0,0.0,0.0,square,2,0.2,0.25,27,54,10.469971656799316,0.0
1779528339.6856298,0.0,0.0,-0.1989675347273536,0.0,0.0,0.0,-0.198,1.2672,-0.27720000000000006,0.0,0.0,-0.2,0.0,0.0,-0.1989675347273536,0.0,0.0020777729190408684,0.0,square,2,0.2,0.25,27,54,10.479971885681152,0.0
1779528339.6954122,0.0,0.0,-0.1989675347273536,0.0,0.0020777729190408684,0.0,-0.1584,1.3068,-0.2376,0.0,0.0,-0.2,0.0,0.0,-0.1989675347273536,0.0,0.0,0.0,square,2,0.2,0.25,27,54,10.490188360214233,0.0
1779528339.7054076,0.0,0.0,-0.1989675347273536,0.0,0.0,0.0,-0.0792,1.3464,-0.198,0.0,0.0,-0.2,0.0,0.0,-0.1989675347273536,0.0,0.0,0.0,square,2,0.2,0.25,27,54,10.49997067451477,0.0
1779528339.7154138,0.0,0.0,-0.1989675347273536,0.0,0.0,0.0,0.0,1.2672,-0.198,0.0,0.0,-0.2,0.0,0.0,-0.1989675347273536,0.0,0.0,0.0,square,2,0.2,0.25,27,54,10.509966135025024,0.0
1779528339.7254107,0.0,0.0,-0.1989675347273536,0.0,0.0,0.0,0.0,1.2276,-0.198,0.0,0.0,-0.2,0.0,0.0,-0.1989675347273536,0.0,0.0,0.0,square,2,0.2,0.25,27,54,10.519972324371338,0.0
1779528339.735414,0.0,0.0,-0.1989675347273536,0.0,0.0,0.0,-0.0396,1.3464,-0.198,0.0,0.0,-0.2,0.0,0.0,-0.1989675347273536,0.0020777729190408684,0.0,0.0,square,2,0.2,0.25,27,54,10.529969215393066,0.0
1779528339.7454252,0.0,0.0,-0.1989675347273536,0.0020777729190408684,0.0,0.0,-0.1584,1.1880000000000002,-0.0792,0.0,0.0,-0.2,0.0,0.0,-0.1989675347273536,0.0020777729190408684,-0.004155545838081737,0.0,square,2,0.2,0.25,27,54,10.53997254371643,0.0
1779528339.755415,0.0,0.0,-0.1989675347273536,0.0020777729190408684,-0.004155545838081737,0.0,-0.1188,1.2672,0.0792,0.0,0.0,-0.2,0.0,0.0,-0.1989675347273536,0.004155545838081737,0.0,0.0,square,2,0.2,0.25,27,54,10.549983739852905,0.0
1779528339.765411,0.0,0.0,-0.1989675347273536,0.004155545838081737,0.0,0.0,0.198,1.3068,-0.0792,0.0,0.0,-0.2,0.0,0.0,-0.1989675347273536,0.004155545838081737,0.0,0.0,square,2,0.2,0.25,27,54,10.55997347831726,0.0
1779528339.7754142,0.0,0.0,-0.1989675347273536,0.004155545838081737,0.0,0.0,0.198,1.3068,-0.0792,0.0,0.0,-0.2,0.0,0.0,-0.1989675347273536,0.004155545838081737,0.0,0.0,square,2,0.2,0.25,27,54,10.569969415664673,0.0
1779528339.7854602,0.0,0.0,-0.1989675347273536,0.004155545838081737,0.0,0.0,0.198,1.3068,-0.0792,0.0,0.0,-0.2,0.0,0.0,-0.1989675347273536,0.0,0.0,0.0,square,2,0.2,0.25,27,54,10.579972743988037,0.0
1779528339.795408,0.0,0.0,-0.1989675347273536,0.0,0.0,0.0,-0.1188,1.1880000000000002,0.0792,0.0,0.0,-0.2,0.0,0.0,-0.1989675347273536,-0.0020777729190408684,0.0,0.0,square,2,0.2,0.25,27,54,10.59001874923706,0.0
1779528339.8054116,0.0,0.0,-0.1989675347273536,-0.0020777729190408684,0.0,0.0,-0.0396,1.2276,-0.0396,0.0,0.0,-0.2,0.0,0.0,-0.1989675347273536,-0.0020777729190408684,0.0,0.0,square,2,0.2,0.25,27,54,10.599966526031494,0.0
1779528339.8154142,0.0,0.0,-0.1989675347273536,-0.0020777729190408684,0.0,0.0,-0.0792,1.2672,0.0396,0.0,0.0,-0.2,0.0,0.0,-0.1989675347273536,0.0,0.0,0.0,square,2,0.2,0.25,27,54,10.609970092773438,0.0
1779528339.8254695,0.0,0.0,-0.1989675347273536,0.0,0.0,0.0,-0.1188,1.1483999999999999,0.0792,0.0,0.0,-0.2,0.0,0.0,-0.1989675347273536,0.0,0.0,0.0020777729190408684,square,2,0.2,0.25,27,54,10.619972705841064,0.0
1779528339.8354127,0.0,0.0,-0.1989675347273536,0.0,0.0,0.0020777729190408684,-0.0396,1.1880000000000002,0.0,0.0,0.0,-0.2,0.0,0.0,-0.1989675347273536,0.0,0.0,0.0,square,2,0.2,0.25,27,54,10.630028009414673,0.0
1779528339.8454106,0.0,0.0,-0.1989675347273536,0.0,0.0,0.0,-0.0396,1.2276,0.0,0.0,0.0,-0.2,0.0,0.0,-0.1989675347273536,0.004155545838081737,0.0,0.0020777729190408684,square,2,0.2,0.25,27,54,10.639971256256104,0.0
1779528339.8553832,0.0,0.0,-0.1989675347273536,0.004155545838081737,0.0,0.0020777729190408684,0.198,1.3068,0.0,0.0,0.0,-0.2,0.0,0.0,-0.1989675347273536,0.0020777729190408684,0.0,0.0,square,2,0.2,0.25,27,54,10.649969100952148,0.0
1779528339.8654127,0.0,0.0,-0.1989675347273536,0.0020777729190408684,0.0,0.0,-0.1584,1.1880000000000002,0.0396,0.0,0.0,-0.2,0.0,0.0,-0.1989675347273536,0.0020777729190408684,0.0020777729190408684,0.0,square,2,0.2,0.25,27,54,10.659941673278809,0.0
1779528339.8758264,0.0,0.0,-0.1989675347273536,0.0020777729190408684,0.0020777729190408684,0.0,0.198,1.2672,-0.0396,0.0,0.0,-0.2,0.0,0.0,-0.1989675347273536,0.0,0.0,0.0020777729190408684,square,2,0.2,0.25,27,54,10.669971227645874,0.0
1779528339.8854132,0.0,0.0,-0.1989675347273536,0.0,0.0,0.0020777729190408684,-0.1188,1.3068,0.0,0.0,0.0,-0.2,0.0,0.0,-0.1989675347273536,-0.004155545838081737,0.0,0.0,square,2,0.2,0.25,27,54,10.680384874343872,0.0
1779528339.8954108,0.0,0.0,-0.1989675347273536,-0.004155545838081737,0.0,0.0,-0.0396,1.2276,0.0,0.0,0.0,-0.2,0.0,0.0,-0.1989675347273536,0.0,0.0,0.0,square,2,0.2,0.25,27,54,10.689971685409546,0.0
1779528339.9054086,0.0,0.0,-0.1989675347273536,0.0,0.0,0.0,-0.0396,1.2276,-0.0396,0.0,0.0,-0.2,0.0,0.0,-0.1989675347273536,-0.0020777729190408684,0.0,0.0,square,2,0.2,0.25,27,54,10.699969291687012,0.0
1779528339.9154265,0.0,0.0,-0.1989675347273536,-0.0020777729190408684,0.0,0.0,-0.0396,1.3068,-0.1188,0.0,0.0,-0.2,0.0,0.0,-0.1989675347273536,0.0,0.0,0.0,square,2,0.2,0.25,27,54,10.709967136383057,0.0
1779528339.9254296,0.0,0.0,-0.1989675347273536,0.0,0.0,0.0,-0.0396,1.3068,-0.0396,0.0,0.0,-0.2,0.0,0.0,-0.1989675347273536,0.0,0.0,0.0,square,2,0.2,0.25,27,54,10.719985008239746,0.0
1779528339.9354088,0.0,0.0,-0.1989675347273536,0.0,0.0,0.0,-0.0396,1.3068,-0.0396,0.0,0.0,-0.2,0.0,0.0,-0.1989675347273536,0.0,0.0,0.0020777729190408684,square,2,0.2,0.25,27,54,10.729988098144531,0.0
1779528339.9454138,0.0,0.0,-0.1989675347273536,0.0,0.0,0.0020777729190408684,-0.1188,1.1483999999999999,-0.0792,0.0,0.0,-0.2,0.0,0.0,-0.1989675347273536,0.0,0.0,0.0,square,2,0.2,0.25,27,54,10.739967346191406,0.0
1779528339.955429,0.0,0.0,-0.1989675347273536,0.0,0.0,0.0,-0.1188,1.3068,-0.0792,0.0,0.0,-0.2,0.0,0.0,-0.1989675347273536,0.0,0.0,0.0,square,2,0.2,0.25,27,54,10.749972343444824,0.0
1779528339.9654179,0.0,0.0,-0.1989675347273536,0.0,0.0,0.0,-0.1188,1.2276,-0.0792,0.0,0.0,-0.2,0.0,0.0,-0.1989675347273536,0.0,0.0,0.0,square,2,0.2,0.25,27,54,10.759987592697144,0.0
1779528339.975412,0.0,0.0,-0.1989675347273536,0.0,0.0,0.0,-0.1584,1.2672,-0.1188,0.0,0.0,-0.2,0.0,0.0,-0.1989675347273536,0.0,0.0,0.0,square,2,0.2,0.25,27,54,10.769976377487183,0.0
1779528339.985434,0.0,0.0,-0.1989675347273536,0.0,0.0,0.0,-0.1188,1.1088000000000002,-0.0792,0.0,0.0,-0.2,0.0,0.0,-0.1989675347273536,0.0,0.0,0.0,square,2,0.2,0.25,27,54,10.779970407485962,0.0
1779528339.9954078,0.0,0.0,-0.1989675347273536,0.0,0.0,0.0,-0.0792,1.2276,0.0,0.0,0.0,-0.2,0.0,0.0,-0.1989675347273536,0.0,0.0,0.0,square,2,0.2,0.25,27,54,10.789992570877075,0.0
1779528340.0054257,0.0,0.0,-0.1989675347273536,0.0,0.0,0.0,-0.0396,1.2276,-0.0792,0.0,0.0,-0.2,0.0,0.0,-0.1989675347273536,0.0,0.0,0.0,square,2,0.2,0.25,27,54,10.79996633529663,0.0
1779528340.0155263,0.0,0.0,-0.1989675347273536,0.0,0.0,0.0,-0.0396,1.1880000000000002,-0.1188,0.0,0.0,-0.2,0.0,0.0,-0.1989675347273536,0.0,0.0,0.0,square,2,0.2,0.25,27,54,10.80998420715332,0.0
1779528340.0255587,0.0,0.0,-0.1989675347273536,0.0,0.0,0.0,-0.0792,1.2276,0.0,0.0,0.0,-0.2,0.0,0.0,-0.1989675347273536,0.0,0.0,0.0,square,2,0.2,0.25,27,54,10.820084810256958,0.0
1779528340.0356658,0.0,0.0,-0.1989675347273536,0.0,0.0,0.0,-0.0792,1.2276,0.0,0.0,0.0,-0.2,0.0,0.0,-0.1989675347273536,0.0,-0.0020777729190408684,0.0,square,2,0.2,0.25,27,54,10.830117225646973,0.0
1779528340.0454094,0.0,0.0,-0.1989675347273536,0.0,-0.0020777729190408684,0.0,-0.1584,1.1483999999999999,-0.1188,0.0,0.0,-0.2,0.0,0.0,-0.1989675347273536,-0.0020777729190408684,0.0,0.0,square,2,0.2,0.25,27,54,10.840224266052246,0.0
1779528340.0555427,0.0,0.0,-0.1989675347273536,-0.0020777729190408684,0.0,0.0,-0.1584,1.2672,0.0,0.0,0.0,-0.2,0.0,0.0,-0.1989675347273536,0.0,0.0,0.0,square,2,0.2,0.25,27,54,10.849967956542969,0.0
1779528340.065414,0.0,0.0,-0.1989675347273536,0.0,0.0,0.0,-0.1188,1.2276,0.0,0.0,0.0,-0.2,0.0,0.0,-0.1989675347273536,0.0,0.0,0.0,square,2,0.2,0.25,27,54,10.860101222991943,0.0
1779528340.0755675,0.0,0.0,-0.1989675347273536,0.0,0.0,0.0,0.1188,1.1088000000000002,0.0,0.0,0.0,-0.2,0.0,0.0,-0.1989675347273536,0.0,0.0,0.0,square,2,0.2,0.25,27,54,10.869972467422485,0.0
1779528340.0855222,0.0,0.0,-0.1989675347273536,0.0,0.0,0.0,-0.1188,1.1880000000000002,0.0,0.0,0.0,-0.2,0.0,0.0,-0.1989675347273536,0.0,0.0,0.0,square,2,0.2,0.25,27,54,10.880125999450684,0.0
1779528340.0954108,0.0,0.0,-0.1989675347273536,0.0,0.0,0.0,-0.1188,1.1880000000000002,0.0,0.0,0.0,-0.2,0.0,0.0,-0.1989675347273536,0.0,0.0,0.0,square,2,0.2,0.25,27,54,10.890080690383911,0.0
1779528340.1055768,0.0,0.0,-0.1989675347273536,0.0,0.0,0.0,-0.0396,1.1088000000000002,0.0,0.0,0.0,-0.2,0.0,0.0,-0.1989675347273536,0.0,0.0,0.0,square,2,0.2,0.25,27,54,10.899969339370728,0.0
1779528340.1154149,0.0,0.0,-0.1989675347273536,0.0,0.0,0.0,-0.0792,1.2276,-0.0396,0.0,0.0,-0.2,0.0,0.0,-0.1989675347273536,0.0,0.0,0.0,square,2,0.2,0.25,27,54,10.910135269165039,0.0
1779528340.1255963,0.0,0.0,-0.1989675347273536,0.0,0.0,0.0,-0.1188,1.2276,0.0,0.0,0.0,-0.2,0.0,0.0,-0.1989675347273536,0.0,0.0020777729190408684,0.0,square,2,0.2,0.25,27,54,10.919973373413086,0.0
1779528340.1354115,0.0,0.0,-0.1989675347273536,0.0,0.0020777729190408684,0.0,-0.0396,1.0692,0.0,0.0,0.0,-0.2,0.0,0.0,-0.1989675347273536,0.0,0.0,0.0,square,2,0.2,0.25,27,54,10.930154800415039,0.0
1779528340.1454172,0.0,0.0,-0.1989675347273536,0.0,0.0,0.0,-0.1188,1.2276,0.0,0.0,0.0,-0.2,0.0,0.0,-0.1989675347273536,0.0,0.0,0.0020777729190408684,square,2,0.2,0.25,27,54,10.939970016479492,0.0
1779528340.155411,0.0,0.0,-0.1989675347273536,0.0,0.0,0.0020777729190408684,-0.1188,1.1088000000000002,-0.0396,0.0,0.0,-0.2,0.0,0.0,-0.1989675347273536,0.0,0.0,0.0,square,2,0.2,0.25,27,54,10.949975728988647,0.0
1779528340.1654124,0.0,0.0,-0.1989675347273536,0.0,0.0,0.0,-0.0396,1.1880000000000002,0.0,0.0,0.0,-0.2,0.0,0.0,-0.1989675347273536,0.0,0.0,0.0,square,2,0.2,0.25,27,54,10.959969520568848,0.0
1779528340.1756084,0.0,0.0,-0.1989675347273536,0.0,0.0,0.0,-0.0792,1.0692,0.0,0.0,0.0,-0.2,0.0,0.0,-0.1989675347273536,0.0,0.0,0.0,square,2,0.2,0.25,27,54,10.969970941543579,0.0
1779528340.1854148,0.0,0.0,-0.1989675347273536,0.0,0.0,0.0,-0.0792,1.2672,-0.1584,0.0,0.0,-0.2,0.0,0.0,-0.1989675347273536,-0.0020777729190408684,0.0,-0.0020777729190408684,square,2,0.2,0.25,27,54,10.980166912078857,0.0
1779528340.1954129,0.0,0.0,-0.1989675347273536,-0.0020777729190408684,0.0,-0.0020777729190408684,-0.0396,1.2276,-0.1188,0.0,0.0,-0.2,0.0,0.0,-0.1989675347273536,0.0,0.0020777729190408684,0.0,square,2,0.2,0.25,27,54,10.989973306655884,0.0
1779528340.2054145,0.0,0.0,-0.1989675347273536,0.0,0.0020777729190408684,0.0,-0.0792,1.3068,-0.1584,0.0,0.0,-0.2,0.0,0.0,-0.1989675347273536,0.0020777729190408684,0.0,0.0,square,2,0.2,0.25,27,54,10.999971389770508,0.0
1779528340.215384,0.0,0.0,-0.1989675347273536,0.0020777729190408684,0.0,0.0,-0.1188,1.0692,-0.0396,0.0,0.0,-0.2,0.0,0.0,-0.1989675347273536,0.0020777729190408684,0.0,0.0,square,2,0.2,0.25,27,54,11.009973049163818,0.0
1779528340.225547,0.0,0.0,-0.1989675347273536,0.0020777729190408684,0.0,0.0,-0.0792,1.1483999999999999,-0.1188,0.0,0.0,-0.2,0.0,0.0,-0.1989675347273536,0.0,0.0,0.0,square,2,0.2,0.25,27,54,11.01994252204895,0.0
1779528340.2355313,0.0,0.0,-0.1989675347273536,0.0,0.0,0.0,-0.1188,1.2672,0.0,0.0,0.0,-0.2,0.0,0.0,-0.1989675347273536,0.0,0.0,0.0,square,2,0.2,0.25,27,54,11.030105590820312,0.0
1779528340.2454143,0.0,0.0,-0.1989675347273536,0.0,0.0,0.0,-0.1188,1.2672,0.0,0.0,0.0,-0.2,0.0,0.0,-0.1989675347273536,0.0,0.0,0.0,square,2,0.2,0.25,27,54,11.040089845657349,0.0
1779528340.2554688,0.0,0.0,-0.1989675347273536,0.0,0.0,0.0,-0.1188,1.2672,0.1584,0.0,0.0,-0.2,0.0,0.0,-0.1989675347273536,0.0,0.0,0.0,square,2,0.2,0.25,27,54,11.049972772598267,0.0
1779528340.2655299,0.0,0.0,-0.1989675347273536,0.0,0.0,0.0,-0.0792,1.1483999999999999,-0.2376,0.0,0.0,-0.2,0.0,0.0,-0.1989675347273536,0.0,-0.0020777729190408684,0.0,square,2,0.2,0.25,27,54,11.060027360916138,0.0
1779528340.2754116,0.0,0.0,-0.1989675347273536,0.0,-0.0020777729190408684,0.0,-0.1584,1.0692,-0.1584,0.0,0.0,-0.2,0.0,0.0,-0.1989675347273536,0.0,0.0,0.0,square,2,0.2,0.25,27,54,11.070088386535645,0.0
1779528340.285415,0.0,0.0,-0.1989675347273536,0.0,0.0,0.0,-0.0792,1.0692,-0.0396,0.0,0.0,-0.2,0.0,0.0,-0.1989675347273536,0.0,0.0,0.0020777729190408684,square,2,0.2,0.25,27,54,11.079970121383667,0.0
1779528340.295412,0.0,0.0,-0.1989675347273536,0.0,0.0,0.0020777729190408684,-0.1188,1.2276,-0.1188,0.0,0.0,-0.2,0.0,0.0,-0.1989675347273536,0.0,0.0,-0.0020777729190408684,square,2,0.2,0.25,27,54,11.089973449707031,0.0
1779528340.3054132,0.0,0.0,-0.1989675347273536,0.0,0.0,-0.0020777729190408684,-0.1584,1.1880000000000002,-0.0396,0.0,0.0,-0.2,0.0,0.0,-0.1989675347273536,0.0,0.0,0.0,square,2,0.2,0.25,27,54,11.099970579147339,0.0
1779528340.3156292,0.0,0.0,-0.1989675347273536,0.0,0.0,0.0,-0.0792,1.1880000000000002,-0.0396,0.0,0.0,-0.2,0.0,0.0,-0.1989675347273536,0.0,0.0,0.0,square,2,0.2,0.25,27,54,11.109971761703491,0.0
1779528340.325585,0.0,0.0,-0.1989675347273536,0.0,0.0,0.0,-0.1188,1.1880000000000002,-0.0792,0.0,0.0,-0.2,0.0,0.0,-0.1989675347273536,0.0,0.0,0.0,square,2,0.2,0.25,27,54,11.120187759399414,0.0
1779528340.3355074,0.0,0.0,-0.1989675347273536,0.0,0.0,0.0,-0.1584,1.0692,-0.0792,0.0,0.0,-0.2,0.0,0.0,-0.1989675347273536,0.0,0.0,0.0,square,2,0.2,0.25,27,54,11.130143404006958,0.0
1779528340.3454106,0.0,0.0,-0.1989675347273536,0.0,0.0,0.0,-0.198,1.1880000000000002,-0.198,0.0,0.0,-0.2,0.0,0.0,-0.1989675347273536,0.0,0.0,-0.0020777729190408684,square,2,0.2,0.25,27,54,11.140065908432007,0.0
1779528340.3554115,0.0,0.0,-0.1989675347273536,0.0,0.0,-0.0020777729190408684,-0.1188,1.1483999999999999,-0.198,0.0,0.0,-0.2,0.0,0.0,-0.1989675347273536,0.0,0.0,0.0,square,2,0.2,0.25,27,54,11.149969100952148,0.0
1779528340.3654127,0.0,0.0,-0.1989675347273536,0.0,0.0,0.0,-0.0792,1.1088000000000002,-0.1188,0.0,0.0,-0.2,0.0,0.0,-0.1989675347273536,0.0,0.0,0.0,square,2,0.2,0.25,27,54,11.159970045089722,0.0
1779528340.3755934,0.0,0.0,-0.1989675347273536,0.0,0.0,0.0,-0.0792,1.1880000000000002,-0.0792,0.0,0.0,-0.2,0.0,0.0,-0.1989675347273536,0.0,0.0,0.0,square,2,0.2,0.25,27,54,11.169971227645874,0.0
1779528340.3854125,0.0,0.0,-0.1989675347273536,0.0,0.0,0.0,-0.0792,1.1880000000000002,-0.1188,0.0,0.0,-0.2,0.0,0.0,-0.1989675347273536,0.0,0.0,0.0,square,2,0.2,0.25,27,54,11.18015193939209,0.0
1779528340.3954108,0.0,0.0,-0.1989675347273536,0.0,0.0,0.0,-0.1188,1.1088000000000002,-0.1584,0.0,0.0,-0.2,0.0,0.0,-0.1989675347273536,0.0,0.0,0.0,square,2,0.2,0.25,27,54,11.189970970153809,0.0
1779528340.4054108,0.0,0.0,-0.1989675347273536,0.0,0.0,0.0,-0.1188,1.2276,-0.1188,0.0,0.0,-0.2,0.0,0.0,-0.1989675347273536,0.0,0.0,0.0,square,2,0.2,0.25,27,54,11.199969291687012,0.0
1779528340.4159684,0.0,0.0,-0.1989675347273536,0.0,0.0,0.0,-0.1188,1.0692,-0.0792,0.0,0.0,-0.2,0.0,0.0,-0.1989675347273536,0.0,0.0,0.0,square,2,0.2,0.25,27,54,11.209969282150269,0.0
1779528340.4254172,0.0,0.0,-0.1989675347273536,0.0,0.0,0.0,-0.1188,1.1483999999999999,-0.198,0.0,0.0,-0.2,0.0,0.0,-0.1989675347273536,0.0,0.0,0.0,square,2,0.2,0.25,27,54,11.220526933670044,0.0
1779528340.4354126,0.0,0.0,-0.1989675347273536,0.0,0.0,0.0,-0.1188,1.2276,-0.1188,0.0,0.0,-0.2,0.0,0.0,-0.1989675347273536,0.0,0.0,0.0,square,2,0.2,0.25,27,54,11.229975700378418,0.0
1779528340.445413,0.0,0.0,-0.1989675347273536,0.0,0.0,0.0,-0.1188,1.1880000000000002,-0.2376,0.0,0.0,-0.2,0.0,0.0,-0.1989675347273536,-0.0020777729190408684,0.0,0.0,square,2,0.2,0.25,27,54,11.239971160888672,0.0
1779528340.4555352,0.0,0.0,-0.1989675347273536,-0.0020777729190408684,0.0,0.0,-0.1188,1.0692,-0.1188,0.0,0.0,-0.2,0.0,0.0,-0.1989675347273536,-0.0020777729190408684,0.0,0.0,square,2,0.2,0.25,27,54,11.249971628189087,0.0
1779528340.4654112,0.0,0.0,-0.1989675347273536,-0.0020777729190408684,0.0,0.0,-0.1188,1.0692,-0.1188,0.0,0.0,-0.2,0.0,0.0,-0.1989675347273536,0.0,0.0020777729190408684,0.0,square,2,0.2,0.25,27,54,11.260093688964844,0.0
1779528340.4755318,0.0,0.0,-0.1989675347273536,0.0,0.0020777729190408684,0.0,-0.0792,1.1880000000000002,-0.1584,0.0,0.0,-0.2,0.0,0.0,-0.1989675347273536,0.0,0.0,0.0,square,2,0.2,0.25,27,54,11.269969701766968,0.0
1779528340.485581,0.0,0.0,-0.1989675347273536,0.0,0.0,0.0,-0.0792,1.1880000000000002,-0.0792,0.0,0.0,-0.2,0.0,0.0,-0.1989675347273536,0.0,0.0,0.0,square,2,0.2,0.25,27,54,11.28009033203125,0.0
1779528340.4954958,0.0,0.0,-0.1989675347273536,0.0,0.0,0.0,-0.0792,1.1880000000000002,0.198,0.0,0.0,-0.2,0.0,0.0,-0.1989675347273536,0.0,0.0,0.0,square,2,0.2,0.25,27,54,11.290139436721802,0.0
1779528340.5054252,0.0,0.0,-0.1989675347273536,0.0,0.0,0.0,-0.1188,1.2276,-0.0792,0.0,0.0,-0.2,0.0,0.0,-0.1989675347273536,0.0,0.0,0.0,square,2,0.2,0.25,27,54,11.30005431175232,0.0
1779528340.5154128,0.0,0.0,-0.1989675347273536,0.0,0.0,0.0,-0.0396,1.1088000000000002,-0.198,0.0,0.0,-0.2,0.0,0.0,-0.1989675347273536,0.0020777729190408684,0.0,0.0,square,2,0.2,0.25,27,54,11.309983730316162,0.0
1779528340.5254552,0.0,0.0,-0.1989675347273536,0.0020777729190408684,0.0,0.0,0.1584,1.0692,-0.1188,0.0,0.0,-0.2,0.0,0.0,-0.1989675347273536,0.0,0.0,0.0,square,2,0.2,0.25,27,54,11.319971323013306,0.0
1779528340.5355794,0.0,0.0,-0.1989675347273536,0.0,0.0,0.0,-0.1188,1.1483999999999999,-0.0396,0.0,0.0,-0.2,0.0,0.0,-0.1989675347273536,0.0,0.0,0.0,square,2,0.2,0.25,27,54,11.330013751983643,0.0
1779528340.5454144,0.0,0.0,-0.1989675347273536,0.0,0.0,0.0,-0.198,1.1880000000000002,-0.1584,0.0,0.0,-0.2,0.0,0.0,-0.1989675347273536,0.0,0.0,-0.0020777729190408684,square,2,0.2,0.25,27,54,11.340137958526611,0.0
1779528340.5554104,0.0,0.0,-0.1989675347273536,0.0,0.0,-0.0020777729190408684,-0.1188,1.1483999999999999,-0.0396,0.0,0.0,-0.2,0.0,0.0,-0.1989675347273536,0.0,-0.0020777729190408684,0.0,square,2,0.2,0.25,27,54,11.34997296333313,0.0
1779528340.5654106,0.0,0.0,-0.1989675347273536,0.0,-0.0020777729190408684,0.0,-0.1188,1.1088000000000002,-0.1188,0.0,0.0,-0.2,0.0,0.0,-0.1989675347273536,0.0,0.0,0.0,square,2,0.2,0.25,27,54,11.359968900680542,0.0
1779528340.575568,0.0,0.0,-0.1989675347273536,0.0,0.0,0.0,-0.0396,1.1483999999999999,-0.0396,0.0,0.0,-0.2,0.0,0.0,-0.1989675347273536,0.0,0.0,0.0,square,2,0.2,0.25,27,54,11.369969129562378,0.0
1779528340.5854118,0.0,0.0,-0.1989675347273536,0.0,0.0,0.0,-0.0792,1.1483999999999999,-0.1188,0.0,0.0,-0.2,0.0,0.0,-0.1989675347273536,0.0020777729190408684,0.0,0.0,square,2,0.2,0.25,27,54,11.380126476287842,0.0
1779528340.5954096,0.0,0.0,-0.1989675347273536,0.0020777729190408684,0.0,0.0,-0.1188,1.0692,-0.0792,0.0,0.0,-0.2,0.0,0.0,-0.1989675347273536,0.0,0.0,0.0,square,2,0.2,0.25,27,54,11.389970302581787,0.0
1779528340.6054137,0.0,0.0,-0.1989675347273536,0.0,0.0,0.0,-0.0792,1.1483999999999999,-0.1188,0.0,0.0,-0.2,0.0,0.0,-0.1989675347273536,0.0,0.0,-0.0020777729190408684,square,2,0.2,0.25,27,54,11.399968147277832,0.0
1779528340.6154118,0.0,0.0,-0.1989675347273536,0.0,0.0,-0.0020777729190408684,-0.1188,1.1880000000000002,-0.1584,0.0,0.0,-0.2,0.0,0.0,-0.1989675347273536,0.0,0.0,0.0,square,2,0.2,0.25,27,54,11.409972190856934,0.0
1779528340.6254349,0.0,0.0,-0.1989675347273536,0.0,0.0,0.0,-0.1188,1.2276,-0.1188,0.0,0.0,-0.2,0.0,0.0,-0.1989675347273536,0.0020777729190408684,0.0,0.0,square,2,0.2,0.25,27,54,11.419970273971558,0.0
1779528340.635425,0.0,0.0,-0.1989675347273536,0.0020777729190408684,0.0,0.0,-0.1584,1.2276,-0.198,0.0,0.0,-0.2,0.0,0.0,-0.1989675347273536,0.0,0.0,0.0,square,2,0.2,0.25,27,54,11.429993391036987,0.0
1779528340.6454113,0.0,0.0,-0.1989675347273536,0.0,0.0,0.0,-0.1188,1.2276,-0.1188,0.0,0.0,-0.2,0.0,0.0,-0.1989675347273536,0.0,0.0,0.0,square,2,0.2,0.25,27,54,11.439983606338501,0.0
1779528340.65552,0.0,0.0,-0.1989675347273536,0.0,0.0,0.0,-0.1584,1.1088000000000002,-0.198,0.0,0.0,-0.2,0.0,0.0,-0.1989675347273536,0.0,0.0,0.0,square,2,0.2,0.25,27,54,11.44996976852417,0.0
1779528340.6655724,0.0,0.0,-0.1989675347273536,0.0,0.0,0.0,-0.1188,1.1880000000000002,-0.1584,0.0,0.0,-0.2,0.0,0.0,-0.1989675347273536,0.0,0.0,0.0,square,2,0.2,0.25,27,54,11.460078477859497,0.0
1779528340.675417,0.0,0.0,-0.1989675347273536,0.0,0.0,0.0,0.0792,1.1880000000000002,-0.1584,0.0,0.0,-0.2,0.0,0.0,-0.1989675347273536,0.0,0.0,-0.0020777729190408684,square,2,0.2,0.25,27,54,11.470130920410156,0.0
1779528340.685414,0.0,0.0,-0.1989675347273536,0.0,0.0,-0.0020777729190408684,-0.0792,1.2276,-0.1584,0.0,0.0,-0.2,0.0,0.0,-0.1989675347273536,0.0020777729190408684,0.0,0.0,square,2,0.2,0.25,27,54,11.479975461959839,0.0
1779528340.6955893,0.0,0.0,-0.1989675347273536,0.0020777729190408684,0.0,0.0,-0.1188,1.0692,-0.2376,0.0,0.0,-0.2,0.0,0.0,-0.1989675347273536,0.0,0.0,0.0,square,2,0.2,0.25,27,54,11.489972591400146,0.0
1779528340.7054365,0.0,0.0,-0.1989675347273536,0.0,0.0,0.0,-0.1584,1.1483999999999999,-0.1584,0.0,0.0,-0.2,0.0,0.0,-0.1989675347273536,0.0,0.0,0.0,square,2,0.2,0.25,27,54,11.500147819519043,0.0
1779528340.7154155,0.0,0.0,-0.1989675347273536,0.0,0.0,0.0,-0.1584,1.1483999999999999,-0.2376,0.0,0.0,-0.2,0.0,0.0,-0.1989675347273536,0.0020777729190408684,0.0,0.0,square,2,0.2,0.25,27,54,11.509994983673096,0.0
1779528340.725423,0.0,0.0,-0.1989675347273536,0.0020777729190408684,0.0,0.0,-0.1584,1.0692,-0.0792,0.0,0.0,-0.2,0.0,0.0,-0.1989675347273536,0.0,0.0,0.0,square,2,0.2,0.25,27,54,11.519973993301392,0.0
1779528340.7354376,0.0,0.0,-0.1989675347273536,0.0,0.0,0.0,-0.1188,1.2276,-0.1188,0.0,0.0,-0.2,0.0,0.0,-0.1989675347273536,-0.0020777729190408684,0.0,0.0020777729190408684,square,2,0.2,0.25,27,54,11.52998161315918,0.0
1779528340.7453835,0.0,0.0,-0.1989675347273536,-0.0020777729190408684,0.0,0.0020777729190408684,-0.1188,1.2276,-0.0792,0.0,0.0,-0.2,0.0,0.0,-0.1989675347273536,0.0,0.0,0.0,square,2,0.2,0.25,27,54,11.539996147155762,0.0
1779528340.7554183,0.0,0.0,-0.1989675347273536,0.0,0.0,0.0,-0.0396,1.2276,-0.1188,0.0,0.0,-0.2,0.0,0.0,-0.1989675347273536,0.0,0.0,0.0,square,2,0.2,0.25,27,54,11.549942016601562,0.0
1779528340.7655265,0.0,0.0,-0.1989675347273536,0.0,0.0,0.0,-0.0396,1.1880000000000002,-0.1584,0.0,0.0,-0.2,0.0,0.0,-0.1989675347273536,0.0,0.0,0.0,square,2,0.2,0.25,27,54,11.559976816177368,0.0
1779528340.7754145,0.0,0.0,-0.1989675347273536,0.0,0.0,0.0,-0.0396,1.1880000000000002,-0.1584,0.0,0.0,-0.2,0.0,0.0,-0.1989675347273536,0.0,0.0,0.0,square,2,0.2,0.25,27,54,11.570085048675537,0.0
1779528340.785556,0.0,0.0,-0.1989675347273536,0.0,0.0,0.0,-0.1188,1.1483999999999999,-0.0396,0.0,0.0,-0.2,0.0,0.0,-0.1989675347273536,0.0,0.0,0.0,square,2,0.2,0.25,27,54,11.579972982406616,0.0
1779528340.795407,0.0,0.0,-0.1989675347273536,0.0,0.0,0.0,-0.1584,1.1483999999999999,-0.0792,0.0,0.0,-0.2,0.0,0.0,-0.1989675347273536,0.0,0.0,0.0,square,2,0.2,0.25,27,54,11.59011459350586,0.0
1779528340.8055534,0.0,0.0,-0.1989675347273536,0.0,0.0,0.0,-0.1584,1.1483999999999999,-0.0792,0.0,0.0,-0.2,0.0,0.0,-0.1989675347273536,0.0,0.0020777729190408684,0.0,square,2,0.2,0.25,27,54,11.599965572357178,0.0
1779528340.8154135,0.0,0.0,-0.1989675347273536,0.0,0.0020777729190408684,0.0,-0.1584,1.2276,0.1188,0.0,0.0,-0.2,0.0,0.0,-0.1989675347273536,0.0,0.0,0.0,square,2,0.2,0.25,27,54,11.610111951828003,0.0
1779528340.825414,0.0,0.0,-0.1989675347273536,0.0,0.0,0.0,-0.0792,1.1088000000000002,-0.0396,0.0,0.0,-0.2,0.0,0.0,-0.1989675347273536,0.0,0.0,0.0,square,2,0.2,0.25,27,54,11.619971990585327,0.0
1779528340.8354244,0.0,0.0,-0.1989675347273536,0.0,0.0,0.0,-0.0792,1.2276,-0.1188,0.0,0.0,-0.2,0.0,0.0,-0.1989675347273536,0.0,0.0,0.0,square,2,0.2,0.25,27,54,11.629972457885742,0.0
1779528340.8454108,0.0,0.0,-0.1989675347273536,0.0,0.0,0.0,-0.0792,1.0692,-0.198,0.0,0.0,-0.2,0.0,0.0,-0.1989675347273536,-0.0020777729190408684,-0.0020777729190408684,0.0,square,2,0.2,0.25,27,54,11.63998293876648,0.0
1779528340.8554146,0.0,0.0,-0.1989675347273536,-0.0020777729190408684,-0.0020777729190408684,0.0,-0.0792,1.1880000000000002,-0.1584,0.0,0.0,-0.2,0.0,0.0,-0.1989675347273536,0.0,0.0,0.0,square,2,0.2,0.25,27,54,11.649969339370728,0.0
1779528340.8656425,0.0,0.0,-0.1989675347273536,0.0,0.0,0.0,-0.0792,1.1483999999999999,-0.0396,0.0,0.0,-0.2,0.0,0.0,-0.1989675347273536,0.0,0.0,-0.0020777729190408684,square,2,0.2,0.25,27,54,11.65997314453125,0.0
1779528340.8754113,0.0,0.0,-0.1989675347273536,0.0,0.0,-0.0020777729190408684,-0.0792,1.1483999999999999,-0.0792,0.0,0.0,-0.2,0.0,0.0,-0.1989675347273536,0.0,0.0020777729190408684,0.0,square,2,0.2,0.25,27,54,11.670201063156128,0.0
1779528340.8855324,0.0,0.0,-0.1989675347273536,0.0,0.0020777729190408684,0.0,-0.0792,1.1880000000000002,-0.1584,0.0,0.0,-0.2,0.0,0.0,-0.1989675347273536,0.0,0.0,0.0,square,2,0.2,0.25,27,54,11.679969787597656,0.0
1779528340.8954124,0.0,0.0,-0.1989675347273536,0.0,0.0,0.0,-0.0396,1.1880000000000002,0.0,0.0,0.0,-0.2,0.0,0.0,-0.1989675347273536,0.0,0.0,0.0,square,2,0.2,0.25,27,54,11.690090894699097,0.0
1779528340.9054098,0.0,0.0,-0.1989675347273536,0.0,0.0,0.0,-0.1188,1.1088000000000002,-0.1188,0.0,0.0,-0.2,0.0,0.0,-0.1989675347273536,0.0,0.0,0.0,square,2,0.2,0.25,27,54,11.699970960617065,0.0
1779528340.9156563,0.0,0.0,-0.1989675347273536,0.0,0.0,0.0,-0.1188,1.2276,-0.1188,0.0,0.0,-0.2,0.0,0.0,-0.1989675347273536,0.0,0.0,0.0,square,2,0.2,0.25,27,54,11.709968328475952,0.0
1779528340.9254107,0.0,0.0,-0.1989675347273536,0.0,0.0,0.0,-0.0792,1.1880000000000002,-0.1188,0.0,0.0,-0.2,0.0,0.0,-0.1989675347273536,0.0,0.0,0.0,square,2,0.2,0.25,27,54,11.72021484375,0.0
1779528340.9354331,0.0,0.0,-0.1989675347273536,0.0,0.0,0.0,-0.1188,1.2276,-0.198,0.0,0.0,-0.2,0.0,0.0,-0.1989675347273536,0.0,0.0,0.0,square,2,0.2,0.25,27,54,11.729969263076782,0.0
1779528340.9454112,0.0,0.0,-0.1989675347273536,0.0,0.0,0.0,-0.0792,1.1483999999999999,-0.198,0.0,0.0,-0.2,0.0,0.0,-0.1989675347273536,0.0,0.0,0.0,square,2,0.2,0.25,27,54,11.739991664886475,0.0
1779528340.9554226,0.0,0.0,-0.1989675347273536,0.0,0.0,0.0,-0.0792,1.1483999999999999,-0.0792,0.0,0.0,-0.2,0.0,0.0,-0.1989675347273536,-0.004155545838081737,0.0,0.0,square,2,0.2,0.25,27,54,11.749969720840454,0.0
1779528340.9654105,0.0,0.0,-0.1989675347273536,-0.004155545838081737,0.0,0.0,-0.0792,1.2276,-0.0792,0.0,0.0,-0.2,0.0,0.0,-0.1989675347273536,0.0,0.0,0.0020777729190408684,square,2,0.2,0.25,27,54,11.759981155395508,0.0
1779528340.9755623,0.0,0.0,-0.1989675347273536,0.0,0.0,0.0020777729190408684,-0.1188,1.1483999999999999,-0.1188,0.0,0.0,-0.2,0.0,0.0,-0.1989675347273536,0.0,0.0,0.0,square,2,0.2,0.25,27,54,11.76996898651123,0.0
1779528340.985412,0.0,0.0,-0.1989675347273536,0.0,0.0,0.0,-0.1188,1.1880000000000002,0.198,0.0,0.0,-0.2,0.0,0.0,-0.1989675347273536,0.0,0.0,0.0,square,2,0.2,0.25,27,54,11.780120849609375,0.0
1779528340.9956372,0.0,0.0,-0.1989675347273536,0.0,0.0,0.0,-0.1188,1.1483999999999999,-0.198,0.0,0.0,-0.2,0.0,0.0,-0.1989675347273536,0.0,0.0,0.0,square,2,0.2,0.25,27,54,11.789970397949219,0.0
1779528341.0054135,0.0,0.0,-0.1989675347273536,0.0,0.0,0.0,-0.1584,1.2276,-0.0792,0.0,0.0,-0.2,0.0,0.0,-0.1989675347273536,0.0,0.0,0.0,square,2,0.2,0.25,27,54,11.800195693969727,0.0
1779528341.0154111,0.0,0.0,-0.1989675347273536,0.0,0.0,0.0,-0.1584,1.2276,-0.0792,0.0,0.0,-0.2,0.0,0.0,-0.1989675347273536,0.0,0.0,0.0,square,2,0.2,0.25,27,54,11.809972047805786,0.0
1779528341.025414,0.0,0.0,-0.1989675347273536,0.0,0.0,0.0,-0.0792,1.1088000000000002,-0.2376,0.0,0.0,-0.2,0.0,0.0,-0.1989675347273536,0.0,0.0,0.0,square,2,0.2,0.25,27,54,11.819969654083252,0.0
1779528341.035411,0.0,0.0,-0.1989675347273536,0.0,0.0,0.0,-0.0792,1.1880000000000002,-0.198,0.0,0.0,-0.2,0.0,0.0,-0.1989675347273536,0.0,0.0,0.0,square,2,0.2,0.25,27,54,11.829972505569458,0.0
1779528341.0454109,0.0,0.0,-0.1989675347273536,0.0,0.0,0.0,-0.1188,1.1088000000000002,-0.1584,0.0,0.0,-0.2,0.0,0.0,-0.1989675347273536,0.0,0.0,0.0,square,2,0.2,0.25,27,54,11.839969396591187,0.0
1779528341.055426,0.0,0.0,-0.1989675347273536,0.0,0.0,0.0,-0.0792,1.2276,-0.1188,0.0,0.0,-0.2,0.0,0.0,-0.1989675347273536,0.0,0.0,0.0,square,2,0.2,0.25,27,54,11.849969387054443,0.0
1779528341.0654097,0.0,0.0,-0.1989675347273536,0.0,0.0,0.0,-0.0792,1.0692,-0.1188,0.0,0.0,-0.2,0.0,0.0,-0.1989675347273536,0.0,0.0,0.0,square,2,0.2,0.25,27,54,11.859984397888184,0.0
1779528341.0754108,0.0,0.0,-0.1989675347273536,0.0,0.0,0.0,-0.1188,1.2276,-0.1188,0.0,0.0,-0.2,0.0,0.0,-0.1989675347273536,0.0,0.0,0.0020777729190408684,square,2,0.2,0.25,27,54,11.869968175888062,0.0
1779528341.0854135,0.0,0.0,-0.1989675347273536,0.0,0.0,0.0020777729190408684,-0.0792,1.1483999999999999,-0.0792,0.0,0.0,-0.2,0.0,0.0,-0.1989675347273536,-0.0020777729190408684,0.0,0.0,square,2,0.2,0.25,27,54,11.879969358444214,0.0
1779528341.0954173,0.0,0.0,-0.1989675347273536,-0.0020777729190408684,0.0,0.0,-0.1188,1.1483999999999999,-0.198,0.0,0.0,-0.2,0.0,0.0,-0.1989675347273536,0.0,0.0,0.0,square,2,0.2,0.25,27,54,11.88997197151184,0.0
1779528341.105413,0.0,0.0,-0.1989675347273536,0.0,0.0,0.0,-0.0792,1.1880000000000002,-0.1584,0.0,0.0,-0.2,0.0,0.0,-0.1989675347273536,0.0,0.0,0.0,square,2,0.2,0.25,27,54,11.899975776672363,0.0
1779528341.1154113,0.0,0.0,-0.1989675347273536,0.0,0.0,0.0,-0.0792,1.1483999999999999,-0.0792,0.0,0.0,-0.2,0.0,0.0,-0.1989675347273536,0.0,0.0,0.0,square,2,0.2,0.25,27,54,11.909971475601196,0.0
1779528341.1254132,0.0,0.0,-0.1989675347273536,0.0,0.0,0.0,-0.1188,1.2276,-0.0792,0.0,0.0,-0.2,0.0,0.0,-0.1989675347273536,0.0,0.0,-0.0020777729190408684,square,2,0.2,0.25,27,54,11.9199697971344,0.0
1779528341.1354115,0.0,0.0,-0.1989675347273536,0.0,0.0,-0.0020777729190408684,-0.1188,1.1483999999999999,-0.1584,0.0,0.0,-0.2,0.0,0.0,-0.1989675347273536,0.0,0.0,0.0,square,2,0.2,0.25,27,54,11.929971694946289,0.0
1779528341.145414,0.0,0.0,-0.1989675347273536,0.0,0.0,0.0,-0.1188,1.1088000000000002,-0.1584,0.0,0.0,-0.2,0.0,0.0,-0.1989675347273536,0.0,0.0,0.0,square,2,0.2,0.25,27,54,11.939970016479492,0.0
1779528341.1554136,0.0,0.0,-0.1989675347273536,0.0,0.0,0.0,-0.0792,1.0692,-0.1188,0.0,0.0,-0.2,0.0,0.0,-0.1989675347273536,0.0020777729190408684,0.0,0.0,square,2,0.2,0.25,27,54,11.94997262954712,0.0
1779528341.1654143,0.0,0.0,-0.1989675347273536,0.0020777729190408684,0.0,0.0,0.1188,1.0692,-0.1584,0.0,0.0,-0.2,0.0,0.0,-0.1989675347273536,0.0,0.0,0.0,square,2,0.2,0.25,27,54,11.959972143173218,0.0
1779528341.1754143,0.0,0.0,-0.1989675347273536,0.0,0.0,0.0,-0.0792,1.0692,-0.198,0.0,0.0,-0.2,0.0,0.0,-0.1989675347273536,0.0,0.0,0.0,square,2,0.2,0.25,27,54,11.969972848892212,0.0
1779528341.1854136,0.0,0.0,-0.1989675347273536,0.0,0.0,0.0,-0.1188,1.0692,-0.0792,0.0,0.0,-0.2,0.0,0.0,-0.1989675347273536,0.0,0.0,0.0,square,2,0.2,0.25,27,54,11.979972839355469,0.0
1779528341.1954155,0.0,0.0,-0.1989675347273536,0.0,0.0,0.0,-0.1188,1.1880000000000002,-0.27720000000000006,0.0,0.0,-0.2,0.0,0.0,-0.1989675347273536,0.0,0.0,0.0,square,2,0.2,0.25,27,54,11.989972114562988,0.0
1779528341.2054453,0.0,0.0,-0.1989675347273536,0.0,0.0,0.0,-0.1188,1.0296,-0.1584,0.0,0.0,-0.2,0.0,0.0,-0.1989675347273536,0.0,0.0,0.0,square,2,0.2,0.25,27,54,11.999974012374878,0.0
1779528341.2168388,0.0,0.0,-0.1989675347273536,0.0,0.0,0.0,-0.0792,1.1880000000000002,-0.0792,0.0,0.0,0.2,0.0,0.0,-0.1989675347273536,0.0020777729190408684,0.0,0.0,square,2,0.2,0.25,27,54,12.010003805160522,0.0
1779528341.2254338,0.0,0.0,-0.1989675347273536,0.0020777729190408684,0.0,0.0,-0.1584,1.2672,-0.1584,0.0,0.0,0.2,0.0,0.0,-0.1989675347273536,0.0020777729190408684,0.0,0.0,square,2,0.2,0.25,27,54,12.021397352218628,0.0
1779528341.235427,0.0,0.0,-0.1989675347273536,0.0020777729190408684,0.0,0.0,-0.1584,1.2672,-0.1584,0.0,0.0,0.2,0.0,0.0,-0.18151424220741028,0.0,0.0020777729190408684,1.4315855412191583,square,2,0.2,0.25,27,54,12.02999234199524,0.0
1779528341.2454166,0.0,0.0,-0.18151424220741028,0.0,0.0020777729190408684,1.4315855412191583,0.2376,1.9008,1.4652,0.0,0.0,0.2,0.0,0.0,-0.1518436449235067,0.0,0.0020777729190408684,2.8195378511384583,square,2,0.2,0.25,27,54,12.039985418319702,0.0
1779528341.2554154,0.0,0.0,-0.1518436449235067,0.0,0.0020777729190408684,2.8195378511384583,0.0,1.7424,5.94,0.0,0.0,0.2,0.0,0.0,-0.10821041362364843,0.0,0.0,4.035035008777366,square,2,0.2,0.25,27,54,12.049975156784058,0.0
1779528341.2654116,0.0,0.0,-0.10821041362364843,0.0,0.0,4.035035008777366,0.0,1.4652,0.35639999999999994,0.0,0.0,0.2,0.0,0.0,-0.061086523819801536,0.0,0.0,4.591878151080319,square,2,0.2,0.25,27,54,12.059973955154419,0.0
1779528341.275414,0.0,0.0,-0.061086523819801536,0.0,0.0,4.591878151080319,0.0396,1.3464,-0.4356,0.0,0.0,0.2,0.0,0.0,-0.015707963267948967,0.0,0.0,4.47552286761403,square,2,0.2,0.25,27,54,12.06997013092041,0.0
1779528341.2854135,0.0,0.0,-0.015707963267948967,0.0,0.0,4.47552286761403,-0.0396,0.99,-2.6928,0.0,0.0,0.2,0.0,0.0,0.019198621771937627,0.0,-0.0020777729190408684,3.821024398116157,square,2,0.2,0.25,27,54,12.079972505569458,0.0
1779528341.2954261,0.0,0.0,0.019198621771937627,0.0,-0.0020777729190408684,3.821024398116157,0.0,0.8712,-0.4356,0.0,0.0,0.2,0.0,0.0,0.050614548307835565,0.0020777729190408684,0.0,3.2558701641370407,square,2,0.2,0.25,27,54,12.089972019195557,0.0
1779528341.3054125,0.0,0.0,0.050614548307835565,0.0020777729190408684,0.0,3.2558701641370407,-0.1188,1.2672,-0.2376,0.0,0.0,0.2,0.0,0.0,0.07853981633974483,0.006233318757122605,0.0,2.8049934407051724,square,2,0.2,0.25,27,54,12.099984645843506,0.0
1779528341.3154113,0.0,0.0,0.07853981633974483,0.006233318757122605,0.0,2.8049934407051724,0.198,1.1880000000000002,-1.3464,0.0,0.0,0.2,0.0,0.0,0.10122909661567113,0.0,0.0,2.3437278526780996,square,2,0.2,0.25,27,54,12.109971046447754,0.0
1779528341.3254151,0.0,0.0,0.10122909661567113,0.0,0.0,2.3437278526780996,-0.1188,1.3068,0.198,0.0,0.0,0.2,0.0,0.0,0.11868238913561442,0.0,-0.0020777729190408684,1.9614176355745798,square,2,0.2,0.25,27,54,12.119969844818115,0.0
1779528341.3354125,0.0,0.0,0.11868238913561442,0.0,-0.0020777729190408684,1.9614176355745798,-0.0792,1.3860000000000001,-0.5148,0.0,0.0,0.2,0.0,0.0,0.1343903524035634,-0.0020777729190408684,0.0,1.6248184226899591,square,2,0.2,0.25,27,54,12.129973649978638,0.0
1779528341.3454263,0.0,0.0,0.1343903524035634,-0.0020777729190408684,0.0,1.6248184226899591,-0.0792,1.3860000000000001,0.0792,0.0,0.0,0.2,0.0,0.0,0.1466076571675237,0.0,0.0,1.3443190786194419,square,2,0.2,0.25,27,54,12.139971017837524,0.0
1779528341.3554635,0.0,0.0,0.1466076571675237,0.0,0.0,1.3443190786194419,-0.1188,1.3068,0.0792,0.0,0.0,0.2,0.0,0.0,0.15707963267948966,0.0,-0.0020777729190408684,1.105375192929742,square,2,0.2,0.25,27,54,12.14998483657837,0.0
1779528341.3654726,0.0,0.0,0.15707963267948966,0.0,-0.0020777729190408684,1.105375192929742,-0.1188,1.2672,0.1584,0.0,0.0,0.2,0.0,0.0,0.1658062789394613,0.0,0.0,0.9017534468637369,square,2,0.2,0.25,27,54,12.160022020339966,0.0
1779528341.3754113,0.0,0.0,0.1658062789394613,0.0,0.0,0.9017534468637369,-0.0792,1.4255999999999998,-0.0396,0.0,0.0,0.2,0.0,0.0,0.17278759594743864,0.0,0.0,0.7334538404214266,square,2,0.2,0.25,27,54,12.170031070709229,0.0
1779528341.3854125,0.0,0.0,0.17278759594743864,0.0,0.0,0.7334538404214266,-0.0792,1.2672,-0.1188,0.0,0.0,0.2,0.0,0.0,0.17802358370342164,0.0,0.0,0.5900875090076066,square,2,0.2,0.25,27,54,12.179969787597656,0.0
1779528341.3954153,0.0,0.0,0.17802358370342164,0.0,0.0,0.5900875090076066,-0.0792,1.4255999999999998,0.1584,0.0,0.0,0.2,0.0,0.0,0.1832595714594046,0.0,0.0,0.47788777137939975,square,2,0.2,0.25,27,54,12.189970970153809,0.0
1779528341.4054232,0.0,0.0,0.1832595714594046,0.0,0.0,0.47788777137939975,-0.0792,1.2672,0.35639999999999994,0.0,0.0,0.2,0.0,0.0,0.1867502299633933,0.0,0.0,0.38023244418447893,square,2,0.2,0.25,27,54,12.199973821640015,0.0
1779528341.415413,0.0,0.0,0.1867502299633933,0.0,0.0,0.38023244418447893,-0.1188,1.3860000000000001,0.0,0.0,0.0,0.2,0.0,0.0,0.19024088846738194,0.0,0.0,0.299199300341885,square,2,0.2,0.25,27,54,12.209981679916382,0.0
1779528341.425435,0.0,0.0,0.19024088846738194,0.0,0.0,0.299199300341885,-0.1188,1.3464,0.0396,0.0,0.0,0.2,0.0,0.0,0.19198621771937624,0.0,0.0,0.23894388568969988,square,2,0.2,0.25,27,54,12.219971418380737,0.0
1779528341.4354131,0.0,0.0,0.19198621771937624,0.0,0.0,0.23894388568969988,-0.1188,1.4652,0.35639999999999994,0.0,0.0,0.2,0.0,0.0,0.1937315469713706,0.0,0.0,0.19531065438984163,square,2,0.2,0.25,27,54,12.22999358177185,0.0
1779528341.4454143,0.0,0.0,0.1937315469713706,0.0,0.0,0.19531065438984163,-0.1188,1.3860000000000001,0.2376,0.0,0.0,0.2,0.0,0.0,0.1937315469713706,0.0,0.0,0.19531065438984163,square,2,0.2,0.25,27,54,12.23997163772583,0.0
1779528341.4554117,0.0,0.0,0.1937315469713706,0.0,0.0,0.19531065438984163,-0.1188,1.3860000000000001,0.2376,0.0,0.0,0.2,0.0,0.0,0.1954768762233649,0.0,0.0,0.11012196470916602,square,2,0.2,0.25,27,54,12.249972820281982,0.0
1779528341.465412,0.0,0.0,0.1954768762233649,0.0,0.0,0.11012196470916602,-0.1188,1.4652,0.6336,0.0,0.0,0.2,0.0,0.0,0.19722220547535924,0.0,0.0,0.08311091676163473,square,2,0.2,0.25,27,54,12.25997018814087,0.0
1779528341.4754133,0.0,0.0,0.19722220547535924,0.0,0.0,0.08311091676163473,-0.0396,1.3464,0.7127999999999999,0.0,0.0,0.2,0.0,0.0,0.19722220547535924,0.0,0.0,0.05402209589506258,square,2,0.2,0.25,27,54,12.269970417022705,0.0
1779528341.4854145,0.0,0.0,0.19722220547535924,0.0,0.0,0.05402209589506258,-0.1188,1.5048000000000001,1.0692,0.0,0.0,0.2,0.0,0.0,0.1989675347273536,0.0,0.0,0.06233318757122605,square,2,0.2,0.25,27,54,12.279971837997437,0.0
1779528341.495447,0.0,0.0,0.1989675347273536,0.0,0.0,0.06233318757122605,0.198,1.5048000000000001,0.1584,0.0,0.0,0.2,0.0,0.0,0.1989675347273536,-0.0020777729190408684,0.0,0.033244366704653895,square,2,0.2,0.25,27,54,12.289973020553589,0.0
1779528341.505435,0.0,0.0,0.1989675347273536,-0.0020777729190408684,0.0,0.033244366704653895,-0.0396,1.4652,0.5940000000000001,0.0,0.0,0.2,0.0,0.0,0.1989675347273536,0.0,0.0,0.033244366704653895,square,2,0.2,0.25,27,54,12.300005435943604,0.0
1779528341.51541,0.0,0.0,0.1989675347273536,0.0,0.0,0.033244366704653895,-0.0396,1.4255999999999998,0.1188,0.0,0.0,0.2,0.0,0.0,0.1989675347273536,-0.0020777729190408684,0.0,0.02701104794753129,square,2,0.2,0.25,27,54,12.309993505477905,0.0
1779528341.525452,0.0,0.0,0.1989675347273536,-0.0020777729190408684,0.0,0.02701104794753129,-0.0792,1.5444,0.0,0.0,0.0,0.2,0.0,0.0,0.1989675347273536,0.0,0.0,0.016622183352326948,square,2,0.2,0.25,27,54,12.319968461990356,0.0
1779528341.535413,0.0,0.0,0.1989675347273536,0.0,0.0,0.016622183352326948,-0.0792,1.5048000000000001,0.0,0.0,0.0,0.2,0.0,0.0,0.1989675347273536,0.0,0.0,0.010388864595204342,square,2,0.2,0.25,27,54,12.330010414123535,0.0
1779528341.545415,0.0,0.0,0.1989675347273536,0.0,0.0,0.010388864595204342,-0.0396,1.4255999999999998,0.0792,0.0,0.0,0.2,0.0,0.0,0.1989675347273536,0.0,0.0,0.0020777729190408684,square,2,0.2,0.25,27,54,12.339971542358398,0.0
1779528341.555411,0.0,0.0,0.1989675347273536,0.0,0.0,0.0020777729190408684,0.0,1.3464,0.3168,0.0,0.0,0.2,0.0,0.0,0.1989675347273536,0.0,0.0,0.0,square,2,0.2,0.25,27,54,12.349973440170288,0.0
1779528341.565411,0.0,0.0,0.1989675347273536,0.0,0.0,0.0,0.0,1.4652,0.198,0.0,0.0,0.2,0.0,0.0,0.1989675347273536,0.0,0.0,0.0,square,2,0.2,0.25,27,54,12.35996961593628,0.0
1779528341.5754244,0.0,0.0,0.1989675347273536,0.0,0.0,0.0,-0.0792,1.584,0.198,0.0,0.0,0.2,0.0,0.0,0.1989675347273536,0.0,0.0,0.0020777729190408684,square,2,0.2,0.25,27,54,12.369969606399536,0.0
1779528341.585414,0.0,0.0,0.1989675347273536,0.0,0.0,0.0020777729190408684,-0.0396,1.5444,0.1584,0.0,0.0,0.2,0.0,0.0,0.1989675347273536,0.0,0.0,0.0,square,2,0.2,0.25,27,54,12.379982948303223,0.0
1779528341.5954113,0.0,0.0,0.1989675347273536,0.0,0.0,0.0,-0.1584,1.584,0.1584,0.0,0.0,0.2,0.0,0.0,0.1989675347273536,0.0020777729190408684,0.0,0.0,square,2,0.2,0.25,27,54,12.389972448348999,0.0
1779528341.605422,0.0,0.0,0.1989675347273536,0.0020777729190408684,0.0,0.0,0.1188,1.5444,0.1584,0.0,0.0,0.2,0.0,0.0,0.1989675347273536,0.0,0.0,0.0,square,2,0.2,0.25,27,54,12.399969816207886,0.0
1779528341.615413,0.0,0.0,0.1989675347273536,0.0,0.0,0.0,-0.0792,1.584,0.198,0.0,0.0,0.2,0.0,0.0,0.1989675347273536,0.0,0.0,0.0,square,2,0.2,0.25,27,54,12.409980535507202,0.0
1779528341.6254137,0.0,0.0,0.1989675347273536,0.0,0.0,0.0,-0.0792,1.3860000000000001,0.0792,0.0,0.0,0.2,0.0,0.0,0.1989675347273536,-0.0020777729190408684,-0.0020777729190408684,0.0,square,2,0.2,0.25,27,54,12.419971466064453,0.0
1779528341.6354105,0.0,0.0,0.1989675347273536,-0.0020777729190408684,-0.0020777729190408684,0.0,-0.0792,1.4652,0.1188,0.0,0.0,0.2,0.0,0.0,0.1989675347273536,0.0,0.0,0.0,square,2,0.2,0.25,27,54,12.429972171783447,0.0
1779528341.645412,0.0,0.0,0.1989675347273536,0.0,0.0,0.0,-0.0792,1.4652,0.1584,0.0,0.0,0.2,0.0,0.0,0.1989675347273536,0.0,0.0,0.0,square,2,0.2,0.25,27,54,12.439969062805176,0.0
1779528341.6554306,0.0,0.0,0.1989675347273536,0.0,0.0,0.0,-0.0396,1.4652,0.0396,0.0,0.0,0.2,0.0,0.0,0.1989675347273536,0.0,0.0,0.0,square,2,0.2,0.25,27,54,12.449970483779907,0.0
1779528341.665412,0.0,0.0,0.1989675347273536,0.0,0.0,0.0,0.0,1.5444,0.0396,0.0,0.0,0.2,0.0,0.0,0.1989675347273536,0.0,0.0,0.0,square,2,0.2,0.25,27,54,12.459989070892334,0.0
1779528341.6754112,0.0,0.0,0.1989675347273536,0.0,0.0,0.0,0.0,1.5048000000000001,0.0396,0.0,0.0,0.2,0.0,0.0,0.1989675347273536,0.0,0.0,0.0,square,2,0.2,0.25,27,54,12.469970464706421,0.0
1779528341.6854243,0.0,0.0,0.1989675347273536,0.0,0.0,0.0,0.0,1.6236000000000002,-0.1188,0.0,0.0,0.2,0.0,0.0,0.1989675347273536,0.0,0.0,0.0,square,2,0.2,0.25,27,54,12.47996973991394,0.0
1779528341.695411,0.0,0.0,0.1989675347273536,0.0,0.0,0.0,-0.1188,1.584,0.0,0.0,0.0,0.2,0.0,0.0,0.1989675347273536,0.0020777729190408684,-0.0020777729190408684,0.0,square,2,0.2,0.25,27,54,12.489982843399048,0.0
1779528341.7054102,0.0,0.0,0.1989675347273536,0.0020777729190408684,-0.0020777729190408684,0.0,-0.1188,1.5444,0.0,0.0,0.0,0.2,0.0,0.0,0.1989675347273536,0.0,0.0,0.0,square,2,0.2,0.25,27,54,12.499969482421875,0.0
1779528341.7154124,0.0,0.0,0.1989675347273536,0.0,0.0,0.0,0.1584,1.6236000000000002,0.0396,0.0,0.0,0.2,0.0,0.0,0.1989675347273536,0.0,0.0,0.0,square,2,0.2,0.25,27,54,12.509968757629395,0.0
1779528341.7254348,0.0,0.0,0.1989675347273536,0.0,0.0,0.0,-0.1188,1.5048000000000001,0.1188,0.0,0.0,0.2,0.0,0.0,0.1989675347273536,0.0,0.0,0.0,square,2,0.2,0.25,27,54,12.519970893859863,0.0
1779528341.7354143,0.0,0.0,0.1989675347273536,0.0,0.0,0.0,-0.1188,1.5048000000000001,0.1188,0.0,0.0,0.2,0.0,0.0,0.1989675347273536,0.0,0.0,-0.0020777729190408684,square,2,0.2,0.25,27,54,12.529993295669556,0.0
1779528341.7454145,0.0,0.0,0.1989675347273536,0.0,0.0,-0.0020777729190408684,-0.0792,1.6236000000000002,0.0396,0.0,0.0,0.2,0.0,0.0,0.1989675347273536,0.0,0.0020777729190408684,0.0,square,2,0.2,0.25,27,54,12.53997278213501,0.0
1779528341.7554123,0.0,0.0,0.1989675347273536,0.0,0.0020777729190408684,0.0,-0.0396,1.584,0.0396,0.0,0.0,0.2,0.0,0.0,0.1989675347273536,0.0,0.0,0.0,square,2,0.2,0.25,27,54,12.549973011016846,0.0
1779528341.7654142,0.0,0.0,0.1989675347273536,0.0,0.0,0.0,0.0,1.5444,0.1584,0.0,0.0,0.2,0.0,0.0,0.1989675347273536,-0.0020777729190408684,0.0,0.0,square,2,0.2,0.25,27,54,12.55997085571289,0.0
1779528341.7754161,0.0,0.0,0.1989675347273536,-0.0020777729190408684,0.0,0.0,0.0,1.6632,0.0792,0.0,0.0,0.2,0.0,0.0,0.1989675347273536,0.0,0.0,0.0,square,2,0.2,0.25,27,54,12.56997275352478,0.0
1779528341.7854362,0.0,0.0,0.1989675347273536,0.0,0.0,0.0,0.0,1.6632,0.198,0.0,0.0,0.2,0.0,0.0,0.1989675347273536,0.0,0.0,0.0,square,2,0.2,0.25,27,54,12.57997465133667,0.0
1779528341.7954113,0.0,0.0,0.1989675347273536,0.0,0.0,0.0,-0.0396,1.7028,-0.0396,0.0,0.0,0.2,0.0,0.0,0.1989675347273536,0.0,0.0,0.0,square,2,0.2,0.25,27,54,12.589994668960571,0.0
1779528341.8054245,0.0,0.0,0.1989675347273536,0.0,0.0,0.0,0.0,1.6236000000000002,0.0396,0.0,0.0,0.2,0.0,0.0,0.1989675347273536,0.0,0.0,0.0,square,2,0.2,0.25,27,54,12.599969863891602,0.0
1779528341.8154929,0.0,0.0,0.1989675347273536,0.0,0.0,0.0,-0.0396,1.7028,0.0396,0.0,0.0,0.2,0.0,0.0,0.1989675347273536,0.0,0.0,0.0,square,2,0.2,0.25,27,54,12.609982967376709,0.0
1779528341.825384,0.0,0.0,0.1989675347273536,0.0,0.0,0.0,-0.0792,1.6236000000000002,-0.1584,0.0,0.0,0.2,0.0,0.0,0.1989675347273536,0.0,0.0,0.0,square,2,0.2,0.25,27,54,12.620051383972168,0.0
1779528341.835474,0.0,0.0,0.1989675347273536,0.0,0.0,0.0,-0.0792,1.5444,-0.1584,0.0,0.0,0.2,0.0,0.0,0.1989675347273536,0.0,0.0,0.0020777729190408684,square,2,0.2,0.25,27,54,12.629942417144775,0.0
1779528341.8455482,0.0,0.0,0.1989675347273536,0.0,0.0,0.0020777729190408684,-0.0792,1.5048000000000001,-0.198,0.0,0.0,0.2,0.0,0.0,0.1989675347273536,0.0,0.0,0.0020777729190408684,square,2,0.2,0.25,27,54,12.640032529830933,0.0
1779528341.855412,0.0,0.0,0.1989675347273536,0.0,0.0,0.0020777729190408684,-0.0792,1.5048000000000001,-0.198,0.0,0.0,0.2,0.0,0.0,0.1989675347273536,0.0,0.0020777729190408684,0.0,square,2,0.2,0.25,27,54,12.65010666847229,0.0
1779528341.8654158,0.0,0.0,0.1989675347273536,0.0,0.0020777729190408684,0.0,-0.0396,1.4652,-0.2376,0.0,0.0,0.2,0.0,0.0,0.1989675347273536,0.0,0.0,0.0,square,2,0.2,0.25,27,54,12.65997052192688,0.0
1779528341.87541,0.0,0.0,0.1989675347273536,0.0,0.0,0.0,-0.0396,1.6632,-0.0396,0.0,0.0,0.2,0.0,0.0,0.1989675347273536,0.0,-0.0020777729190408684,0.0,square,2,0.2,0.25,27,54,12.669974327087402,0.0
1779528341.8854136,0.0,0.0,0.1989675347273536,0.0,-0.0020777729190408684,0.0,-0.0792,1.7424,-0.1188,0.0,0.0,0.2,0.0,0.0,0.1989675347273536,-0.0020777729190408684,0.0,0.0,square,2,0.2,0.25,27,54,12.67996859550476,0.0
1779528341.895412,0.0,0.0,0.1989675347273536,-0.0020777729190408684,0.0,0.0,0.0396,1.7424,-0.198,0.0,0.0,0.2,0.0,0.0,0.1989675347273536,0.0,0.0,0.0,square,2,0.2,0.25,27,54,12.689972162246704,0.0
1779528341.9054112,0.0,0.0,0.1989675347273536,0.0,0.0,0.0,-0.0396,1.7028,-0.2376,0.0,0.0,0.2,0.0,0.0,0.1989675347273536,0.0,0.0,0.0,square,2,0.2,0.25,27,54,12.699970483779907,0.0
1779528341.9154146,0.0,0.0,0.1989675347273536,0.0,0.0,0.0,-0.0396,1.6236000000000002,-0.3168,0.0,0.0,0.2,0.0,0.0,0.1989675347273536,0.0,0.0,0.0,square,2,0.2,0.25,27,54,12.709969758987427,0.0
1779528341.9254117,0.0,0.0,0.1989675347273536,0.0,0.0,0.0,-0.0792,1.5444,-0.2376,0.0,0.0,0.2,0.0,0.0,0.1989675347273536,0.0,0.0,0.0,square,2,0.2,0.25,27,54,12.719973087310791,0.0
1779528341.9354157,0.0,0.0,0.1989675347273536,0.0,0.0,0.0,0.0,1.6236000000000002,-0.27720000000000006,0.0,0.0,0.2,0.0,0.0,0.1989675347273536,0.0,0.0,0.0,square,2,0.2,0.25,27,54,12.729970216751099,0.0
1779528341.9454317,0.0,0.0,0.1989675347273536,0.0,0.0,0.0,-0.0396,1.6236000000000002,-0.2376,0.0,0.0,0.2,0.0,0.0,0.1989675347273536,0.0,0.0,0.0,square,2,0.2,0.25,27,54,12.7399742603302,0.0
1779528341.955411,0.0,0.0,0.1989675347273536,0.0,0.0,0.0,-0.0396,1.5048000000000001,-0.2376,0.0,0.0,0.2,0.0,0.0,0.1989675347273536,0.0,0.0,0.0,square,2,0.2,0.25,27,54,12.749990224838257,0.0
1779528341.9654253,0.0,0.0,0.1989675347273536,0.0,0.0,0.0,-0.0396,1.5048000000000001,-0.2376,0.0,0.0,0.2,0.0,0.0,0.1989675347273536,0.0,0.0,0.0,square,2,0.2,0.25,27,54,12.759969472885132,0.0
1779528341.9754114,0.0,0.0,0.1989675347273536,0.0,0.0,0.0,-0.0396,1.6236000000000002,-0.3168,0.0,0.0,0.2,0.0,0.0,0.1989675347273536,0.0,0.0,0.0,square,2,0.2,0.25,27,54,12.769983768463135,0.0
1779528341.9854348,0.0,0.0,0.1989675347273536,0.0,0.0,0.0,-0.0792,1.6236000000000002,-0.1584,0.0,0.0,0.2,0.0,0.0,0.1989675347273536,0.0020777729190408684,0.0,0.0,square,2,0.2,0.25,27,54,12.779969930648804,0.0
1779528341.9954145,0.0,0.0,0.1989675347273536,0.0020777729190408684,0.0,0.0,0.1188,1.584,-0.1188,0.0,0.0,0.2,0.0,0.0,0.1989675347273536,0.0,0.0,0.0,square,2,0.2,0.25,27,54,12.789993286132812,0.0
1779528342.0054321,0.0,0.0,0.1989675347273536,0.0,0.0,0.0,-0.0792,1.5444,-0.198,0.0,0.0,0.2,0.0,0.0,0.1989675347273536,0.0,0.0,0.0,square,2,0.2,0.25,27,54,12.799973011016846,0.0
1779528342.0154722,0.0,0.0,0.1989675347273536,0.0,0.0,0.0,-0.0396,1.584,-0.3168,0.0,0.0,0.2,0.0,0.0,0.1989675347273536,0.0020777729190408684,0.0,0.0,square,2,0.2,0.25,27,54,12.809990644454956,0.0
1779528342.025424,0.0,0.0,0.1989675347273536,0.0020777729190408684,0.0,0.0,-0.0396,1.584,-0.27720000000000006,0.0,0.0,0.2,0.0,0.0,0.1989675347273536,0.0,-0.0020777729190408684,0.0,square,2,0.2,0.25,27,54,12.820030689239502,0.0
1779528342.0354145,0.0,0.0,0.1989675347273536,0.0,-0.0020777729190408684,0.0,0.0,1.4652,-0.198,0.0,0.0,0.2,0.0,0.0,0.1989675347273536,0.0,0.0,0.0,square,2,0.2,0.25,27,54,12.82998251914978,0.0
1779528342.0454128,0.0,0.0,0.1989675347273536,0.0,0.0,0.0,-0.0396,1.584,-0.27720000000000006,0.0,0.0,0.2,0.0,0.0,0.1989675347273536,0.0,0.0,-0.0020777729190408684,square,2,0.2,0.25,27,54,12.839972972869873,0.0
1779528342.0554385,0.0,0.0,0.1989675347273536,0.0,0.0,-0.0020777729190408684,0.0,1.6632,-0.2376,0.0,0.0,0.2,0.0,0.0,0.1989675347273536,0.0,0.0,0.0,square,2,0.2,0.25,27,54,12.849971294403076,0.0
1779528342.0654135,0.0,0.0,0.1989675347273536,0.0,0.0,0.0,0.0,1.584,-0.3168,0.0,0.0,0.2,0.0,0.0,0.1989675347273536,0.0,0.0020777729190408684,0.0,square,2,0.2,0.25,27,54,12.859997034072876,0.0
1779528342.0754156,0.0,0.0,0.1989675347273536,0.0,0.0020777729190408684,0.0,0.0,1.7424,-0.27720000000000006,0.0,0.0,0.2,0.0,0.0,0.1989675347273536,0.0,0.0,0.0,square,2,0.2,0.25,27,54,12.869971990585327,0.0
1779528342.0854142,0.0,0.0,0.1989675347273536,0.0,0.0,0.0,-0.0792,1.584,-0.2376,0.0,0.0,0.2,0.0,0.0,0.1989675347273536,0.0,0.0,0.0,square,2,0.2,0.25,27,54,12.879974126815796,0.0
1779528342.095412,0.0,0.0,0.1989675347273536,0.0,0.0,0.0,0.1188,1.5444,-0.198,0.0,0.0,0.2,0.0,0.0,0.1989675347273536,0.0,0.0,0.0,square,2,0.2,0.25,27,54,12.889972686767578,0.0
1779528342.1054132,0.0,0.0,0.1989675347273536,0.0,0.0,0.0,-0.0396,1.6236000000000002,-0.2376,0.0,0.0,0.2,0.0,0.0,0.1989675347273536,0.0,0.0,0.0,square,2,0.2,0.25,27,54,12.899970531463623,0.0
1779528342.1153812,0.0,0.0,0.1989675347273536,0.0,0.0,0.0,-0.0396,1.6236000000000002,-0.2376,0.0,0.0,0.2,0.0,0.0,0.1989675347273536,0.0020777729190408684,0.0,0.0,square,2,0.2,0.25,27,54,12.909971714019775,0.0
1779528342.125414,0.0,0.0,0.1989675347273536,0.0020777729190408684,0.0,0.0,0.1188,1.6236000000000002,-0.27720000000000006,0.0,0.0,0.2,0.0,0.0,0.1989675347273536,0.0,0.0,0.0,square,2,0.2,0.25,27,54,12.919939756393433,0.0
1779528342.1354122,0.0,0.0,0.1989675347273536,0.0,0.0,0.0,0.0,1.584,-0.27720000000000006,0.0,0.0,0.2,0.0,0.0,0.1989675347273536,0.0,0.0,0.0,square,2,0.2,0.25,27,54,12.929972410202026,0.0
1779528342.145429,0.0,0.0,0.1989675347273536,0.0,0.0,0.0,-0.1188,1.4652,-0.27720000000000006,0.0,0.0,0.2,0.0,0.0,0.1989675347273536,-0.0020777729190408684,0.0020777729190408684,0.0,square,2,0.2,0.25,27,54,12.93997073173523,0.0
1779528342.1553824,0.0,0.0,0.1989675347273536,-0.0020777729190408684,0.0020777729190408684,0.0,0.0,1.5444,-0.35639999999999994,0.0,0.0,0.2,0.0,0.0,0.1989675347273536,0.0,0.0,0.0,square,2,0.2,0.25,27,54,12.949987411499023,0.0
1779528342.1654117,0.0,0.0,0.1989675347273536,0.0,0.0,0.0,0.0,1.584,-0.2376,0.0,0.0,0.2,0.0,0.0,0.1989675347273536,0.0,0.0,0.0,square,2,0.2,0.25,27,54,12.959940910339355,0.0
1779528342.175415,0.0,0.0,0.1989675347273536,0.0,0.0,0.0,0.0,1.584,-0.2376,0.0,0.0,0.2,0.0,0.0,0.1989675347273536,0.0,0.0,0.0,square,2,0.2,0.25,27,54,12.969970226287842,0.0
1779528342.185413,0.0,0.0,0.1989675347273536,0.0,0.0,0.0,0.0,1.6632,-0.3168,0.0,0.0,0.2,0.0,0.0,0.1989675347273536,0.0020777729190408684,0.0,0.0,square,2,0.2,0.25,27,54,12.979973554611206,0.0
1779528342.195411,0.0,0.0,0.1989675347273536,0.0020777729190408684,0.0,0.0,-0.0396,1.6632,-0.27720000000000006,0.0,0.0,0.2,0.0,0.0,0.1989675347273536,0.0020777729190408684,0.0,0.0,square,2,0.2,0.25,27,54,12.989971399307251,0.0
1779528342.2054174,0.0,0.0,0.1989675347273536,0.0020777729190408684,0.0,0.0,-0.0396,1.5048000000000001,-0.3168,0.0,0.0,0.2,0.0,0.0,0.1989675347273536,0.0,0.0,0.0,square,2,0.2,0.25,27,54,12.999969482421875,0.0
1779528342.2154093,0.0,0.0,0.1989675347273536,0.0,0.0,0.0,-0.0792,1.6632,-0.2376,0.0,0.0,0.2,0.0,0.0,0.1989675347273536,0.0020777729190408684,-0.0020777729190408684,0.0,square,2,0.2,0.25,27,54,13.009975910186768,0.0
1779528342.2254145,0.0,0.0,0.1989675347273536,0.0020777729190408684,-0.0020777729190408684,0.0,-0.0792,1.584,-0.3168,0.0,0.0,0.2,0.0,0.0,0.1989675347273536,0.0,0.0,0.0,square,2,0.2,0.25,27,54,13.019967794418335,0.0
1779528342.2354138,0.0,0.0,0.1989675347273536,0.0,0.0,0.0,-0.0792,1.6236000000000002,-0.35639999999999994,0.0,0.0,0.2,0.0,0.0,0.1989675347273536,0.0,0.0,0.0,square,2,0.2,0.25,27,54,13.029973030090332,0.0
1779528342.2454145,0.0,0.0,0.1989675347273536,0.0,0.0,0.0,0.0,1.6632,-0.2376,0.0,0.0,0.2,0.0,0.0,0.1989675347273536,0.0,0.0,0.0,square,2,0.2,0.25,27,54,13.039972305297852,0.0
1779528342.2554138,0.0,0.0,0.1989675347273536,0.0,0.0,0.0,0.0,1.6236000000000002,-0.2376,0.0,0.0,0.2,0.0,0.0,0.1989675347273536,0.0020777729190408684,0.0,0.0,square,2,0.2,0.25,27,54,13.049973011016846,0.0
1779528342.265414,0.0,0.0,0.1989675347273536,0.0020777729190408684,0.0,0.0,-0.0396,1.6632,-0.35639999999999994,0.0,0.0,0.2,0.0,0.0,0.1989675347273536,0.0,0.0,0.0,square,2,0.2,0.25,27,54,13.059972286224365,0.0
1779528342.275456,0.0,0.0,0.1989675347273536,0.0,0.0,0.0,-0.0396,1.584,-0.396,0.0,0.0,0.2,0.0,0.0,0.1989675347273536,0.0,0.0,0.0,square,2,0.2,0.25,27,54,13.069972515106201,0.0
1779528342.2854087,0.0,0.0,0.1989675347273536,0.0,0.0,0.0,0.0396,1.5048000000000001,-0.35639999999999994,0.0,0.0,0.2,0.0,0.0,0.1989675347273536,0.0,0.0,0.0,square,2,0.2,0.25,27,54,13.08001446723938,0.0
1779528342.2954125,0.0,0.0,0.1989675347273536,0.0,0.0,0.0,-0.0396,1.5444,-0.2376,0.0,0.0,0.2,0.0,0.0,0.1989675347273536,0.0,0.0,0.0,square,2,0.2,0.25,27,54,13.089967250823975,0.0
1779528342.3054113,0.0,0.0,0.1989675347273536,0.0,0.0,0.0,0.0,1.6632,-0.2376,0.0,0.0,0.2,0.0,0.0,0.1989675347273536,0.0,0.0,0.0,square,2,0.2,0.25,27,54,13.099971055984497,0.0
1779528342.3154073,0.0,0.0,0.1989675347273536,0.0,0.0,0.0,0.0,1.6236000000000002,-0.2376,0.0,0.0,0.2,0.0,0.0,0.1989675347273536,0.0,0.0,0.0,square,2,0.2,0.25,27,54,13.109969854354858,0.0
1779528342.3254297,0.0,0.0,0.1989675347273536,0.0,0.0,0.0,-0.0396,1.5048000000000001,-0.1584,0.0,0.0,0.2,0.0,0.0,0.1989675347273536,0.0,0.0,0.0,square,2,0.2,0.25,27,54,13.11996579170227,0.0
1779528342.335411,0.0,0.0,0.1989675347273536,0.0,0.0,0.0,-0.0396,1.6236000000000002,-0.3168,0.0,0.0,0.2,0.0,0.0,0.1989675347273536,0.0,0.0,0.0,square,2,0.2,0.25,27,54,13.129988193511963,0.0
1779528342.3454187,0.0,0.0,0.1989675347273536,0.0,0.0,0.0,0.0,1.6632,-0.396,0.0,0.0,0.2,0.0,0.0,0.1989675347273536,0.0,0.0,0.0,square,2,0.2,0.25,27,54,13.13996958732605,0.0
1779528342.3554473,0.0,0.0,0.1989675347273536,0.0,0.0,0.0,-0.0792,1.6236000000000002,-0.3168,0.0,0.0,0.2,0.0,0.0,0.1989675347273536,0.0,0.0,0.0,square,2,0.2,0.25,27,54,13.149977207183838,0.0
1779528342.3654106,0.0,0.0,0.1989675347273536,0.0,0.0,0.0,0.0,1.6236000000000002,-0.3168,0.0,0.0,0.2,0.0,0.0,0.1989675347273536,0.0,0.0020777729190408684,0.0,square,2,0.2,0.25,27,54,13.160005807876587,0.0
1779528342.375425,0.0,0.0,0.1989675347273536,0.0,0.0020777729190408684,0.0,-0.0396,1.6632,-0.35639999999999994,0.0,0.0,0.2,0.0,0.0,0.1989675347273536,0.0,0.0020777729190408684,0.0,square,2,0.2,0.25,27,54,13.169969081878662,0.0
1779528342.3854103,0.0,0.0,0.1989675347273536,0.0,0.0020777729190408684,0.0,-0.0396,1.6632,-0.35639999999999994,0.0,0.0,0.2,0.0,0.0,0.1989675347273536,0.0,0.0,0.0,square,2,0.2,0.25,27,54,13.179983615875244,0.0
1779528342.3954144,0.0,0.0,0.1989675347273536,0.0,0.0,0.0,0.0,1.6632,-0.3168,0.0,0.0,0.2,0.0,0.0,0.1989675347273536,0.0,0.0,0.0,square,2,0.2,0.25,27,54,13.189968824386597,0.0
1779528342.405414,0.0,0.0,0.1989675347273536,0.0,0.0,0.0,-0.0396,1.5048000000000001,-0.3168,0.0,0.0,0.2,0.0,0.0,0.1989675347273536,0.0,0.0,0.0,square,2,0.2,0.25,27,54,13.199972867965698,0.0
1779528342.4154108,0.0,0.0,0.1989675347273536,0.0,0.0,0.0,0.0,1.6236000000000002,-0.27720000000000006,0.0,0.0,0.2,0.0,0.0,0.1989675347273536,0.0,0.0020777729190408684,0.0,square,2,0.2,0.25,27,54,13.209972620010376,0.0
1779528342.4254074,0.0,0.0,0.1989675347273536,0.0,0.0020777729190408684,0.0,-0.0396,1.4652,-0.35639999999999994,0.0,0.0,0.2,0.0,0.0,0.1989675347273536,0.0,0.0,0.0,square,2,0.2,0.25,27,54,13.219969272613525,0.0
1779528342.435412,0.0,0.0,0.1989675347273536,0.0,0.0,0.0,0.0,1.6236000000000002,-0.35639999999999994,0.0,0.0,0.2,0.0,0.0,0.1989675347273536,0.0,0.0,0.0,square,2,0.2,0.25,27,54,13.229965925216675,0.0
1779528342.4454095,0.0,0.0,0.1989675347273536,0.0,0.0,0.0,-0.0396,1.5048000000000001,-0.35639999999999994,0.0,0.0,0.2,0.0,0.0,0.1989675347273536,0.0,0.0020777729190408684,0.0,square,2,0.2,0.25,27,54,13.239970445632935,0.0
1779528342.4554136,0.0,0.0,0.1989675347273536,0.0,0.0020777729190408684,0.0,0.0,1.584,-0.3168,0.0,0.0,0.2,0.0,0.0,0.1989675347273536,0.0020777729190408684,0.0,0.0,square,2,0.2,0.25,27,54,13.2499680519104,0.0
1779528342.4654162,0.0,0.0,0.1989675347273536,0.0020777729190408684,0.0,0.0,0.0,1.5048000000000001,-0.35639999999999994,0.0,0.0,0.2,0.0,0.0,0.1989675347273536,0.0,0.0,-0.0020777729190408684,square,2,0.2,0.25,27,54,13.259972095489502,0.0
1779528342.475413,0.0,0.0,0.1989675347273536,0.0,0.0,-0.0020777729190408684,0.0,1.4652,-0.35639999999999994,0.0,0.0,0.2,0.0,0.0,0.1989675347273536,0.0,0.0,0.0,square,2,0.2,0.25,27,54,13.269974708557129,0.0
1779528342.4854112,0.0,0.0,0.1989675347273536,0.0,0.0,0.0,0.0,1.5048000000000001,-0.4356,0.0,0.0,0.2,0.0,0.0,0.1989675347273536,0.0,0.0,0.0,square,2,0.2,0.25,27,54,13.279971599578857,0.0
1779528342.4954202,0.0,0.0,0.1989675347273536,0.0,0.0,0.0,-0.1188,1.584,-0.4752,0.0,0.0,0.2,0.0,0.0,0.1989675347273536,0.0,0.0,0.0,square,2,0.2,0.25,27,54,13.289969682693481,0.0
1779528342.5054224,0.0,0.0,0.1989675347273536,0.0,0.0,0.0,-0.0396,1.584,-0.35639999999999994,0.0,0.0,0.2,0.0,0.0,0.1989675347273536,0.0,0.0,0.0,square,2,0.2,0.25,27,54,13.299978733062744,0.0
1779528342.5154152,0.0,0.0,0.1989675347273536,0.0,0.0,0.0,-0.0792,1.5444,-0.396,0.0,0.0,0.2,0.0,0.0,0.1989675347273536,0.0,0.0,0.0,square,2,0.2,0.25,27,54,13.309980869293213,0.0
1779528342.5254138,0.0,0.0,0.1989675347273536,0.0,0.0,0.0,-0.0396,1.6632,-0.4752,0.0,0.0,0.2,0.0,0.0,0.1989675347273536,0.0,0.0,0.0,square,2,0.2,0.25,27,54,13.319973707199097,0.0
1779528342.5354118,0.0,0.0,0.1989675347273536,0.0,0.0,0.0,-0.0396,1.5444,-0.4752,0.0,0.0,0.2,0.0,0.0,0.1989675347273536,0.0,0.0,0.0,square,2,0.2,0.25,27,54,13.329972267150879,0.0
1779528342.5454419,0.0,0.0,0.1989675347273536,0.0,0.0,0.0,0.0,1.6632,-0.4752,0.0,0.0,0.2,0.0,0.0,0.1989675347273536,0.0,0.0,0.0,square,2,0.2,0.25,27,54,13.339970350265503,0.0
1779528342.5554993,0.0,0.0,0.1989675347273536,0.0,0.0,0.0,0.0,1.6632,-0.35639999999999994,0.0,0.0,0.2,0.0,0.0,0.1989675347273536,0.0,0.0,0.0,square,2,0.2,0.25,27,54,13.350000381469727,0.0
1779528342.5654092,0.0,0.0,0.1989675347273536,0.0,0.0,0.0,-0.0396,1.584,-0.4356,0.0,0.0,0.2,0.0,0.0,0.1989675347273536,0.0,0.0,0.0,square,2,0.2,0.25,27,54,13.360057830810547,0.0
1779528342.5754147,0.0,0.0,0.1989675347273536,0.0,0.0,0.0,-0.0396,1.584,-0.396,0.0,0.0,0.2,0.0,0.0,0.1989675347273536,0.0,0.0,0.0,square,2,0.2,0.25,27,54,13.369967699050903,0.0
1779528342.585414,0.0,0.0,0.1989675347273536,0.0,0.0,0.0,-0.0396,1.5048000000000001,-0.5148,0.0,0.0,0.2,0.0,0.0,0.1989675347273536,0.0,0.0,0.0,square,2,0.2,0.25,27,54,13.37997317314148,0.0
1779528342.5954118,0.0,0.0,0.1989675347273536,0.0,0.0,0.0,-0.0396,1.5048000000000001,-0.5148,0.0,0.0,0.2,0.0,0.0,0.1989675347273536,0.0,0.0,0.0,square,2,0.2,0.25,27,54,13.389972448348999,0.0
1779528342.6054118,0.0,0.0,0.1989675347273536,0.0,0.0,0.0,-0.0396,1.584,-0.4356,0.0,0.0,0.2,0.0,0.0,0.1989675347273536,0.0,0.0020777729190408684,0.0,square,2,0.2,0.25,27,54,13.399970293045044,0.0
1779528342.6154132,0.0,0.0,0.1989675347273536,0.0,0.0020777729190408684,0.0,0.0,1.584,-0.396,0.0,0.0,0.2,0.0,0.0,0.1989675347273536,0.0,0.0,0.0,square,2,0.2,0.25,27,54,13.4099702835083,0.0
1779528342.625491,0.0,0.0,0.1989675347273536,0.0,0.0,0.0,0.0,1.5048000000000001,-0.4752,0.0,0.0,0.2,0.0,0.0,0.1989675347273536,0.0020777729190408684,0.0020777729190408684,0.0,square,2,0.2,0.25,27,54,13.419971704483032,0.0
1779528342.635417,0.0,0.0,0.1989675347273536,0.0020777729190408684,0.0020777729190408684,0.0,0.0,1.6236000000000002,-0.396,0.0,0.0,0.2,0.0,0.0,0.1989675347273536,0.0,0.0,0.0,square,2,0.2,0.25,27,54,13.430049419403076,0.0
1779528342.645383,0.0,0.0,0.1989675347273536,0.0,0.0,0.0,0.0,1.584,-0.396,0.0,0.0,0.2,0.0,0.0,0.1989675347273536,0.0020777729190408684,0.0,0.0020777729190408684,square,2,0.2,0.25,27,54,13.439975500106812,0.0
1779528342.6554098,0.0,0.0,0.1989675347273536,0.0020777729190408684,0.0,0.0020777729190408684,-0.0396,1.5048000000000001,-0.4356,0.0,0.0,0.2,0.0,0.0,0.1989675347273536,0.0,0.0,0.0,square,2,0.2,0.25,27,54,13.449941396713257,0.0
1779528342.665413,0.0,0.0,0.1989675347273536,0.0,0.0,0.0,-0.0396,1.584,-0.396,0.0,0.0,0.2,0.0,0.0,0.1989675347273536,0.0,0.0,0.0,square,2,0.2,0.25,27,54,13.459968328475952,0.0
1779528342.6754136,0.0,0.0,0.1989675347273536,0.0,0.0,0.0,0.0,1.6236000000000002,-0.35639999999999994,0.0,0.0,0.2,0.0,0.0,0.1989675347273536,0.0,0.0,0.0,square,2,0.2,0.25,27,54,13.469971418380737,0.0
1779528342.6854143,0.0,0.0,0.1989675347273536,0.0,0.0,0.0,0.0396,1.584,-0.5148,0.0,0.0,0.2,0.0,0.0,0.1989675347273536,0.0020777729190408684,0.0,0.0,square,2,0.2,0.25,27,54,13.479972124099731,0.0
1779528342.6954138,0.0,0.0,0.1989675347273536,0.0020777729190408684,0.0,0.0,0.0792,1.5048000000000001,-0.4356,0.0,0.0,0.2,0.0,0.0,0.1989675347273536,0.0020777729190408684,0.0,-0.0020777729190408684,square,2,0.2,0.25,27,54,13.489972829818726,0.0
1779528342.7054138,0.0,0.0,0.1989675347273536,0.0020777729190408684,0.0,-0.0020777729190408684,0.0,1.6236000000000002,-0.5148,0.0,0.0,0.2,0.0,0.0,0.1989675347273536,0.0,0.0,0.0,square,2,0.2,0.25,27,54,13.499972343444824,0.0
1779528342.7154155,0.0,0.0,0.1989675347273536,0.0,0.0,0.0,-0.0396,1.5048000000000001,-0.5148,0.0,0.0,0.2,0.0,0.0,0.1989675347273536,0.0,0.0,0.0,square,2,0.2,0.25,27,54,13.509972333908081,0.0
1779528342.7254264,0.0,0.0,0.1989675347273536,0.0,0.0,0.0,0.0,1.6632,-0.5148,0.0,0.0,0.2,0.0,0.0,0.1989675347273536,0.0,0.0,0.0,square,2,0.2,0.25,27,54,13.519973993301392,0.0
1779528342.7354095,0.0,0.0,0.1989675347273536,0.0,0.0,0.0,-0.0396,1.6236000000000002,-0.5544000000000001,0.0,0.0,0.2,0.0,0.0,0.1989675347273536,0.0,0.0,0.0,square,2,0.2,0.25,27,54,13.529984951019287,0.0
1779528342.7454112,0.0,0.0,0.1989675347273536,0.0,0.0,0.0,-0.0396,1.584,-0.6336,0.0,0.0,0.2,0.0,0.0,0.1989675347273536,-0.0020777729190408684,0.0,0.0,square,2,0.2,0.25,27,54,13.539968013763428,0.0
1779528342.7554345,0.0,0.0,0.1989675347273536,-0.0020777729190408684,0.0,0.0,0.0,1.6236000000000002,-0.5940000000000001,0.0,0.0,0.2,0.0,0.0,0.1989675347273536,-0.0020777729190408684,0.0,0.0,square,2,0.2,0.25,27,54,13.549969673156738,0.0
1779528342.7654111,0.0,0.0,0.1989675347273536,-0.0020777729190408684,0.0,0.0,-0.0396,1.6632,-0.4752,0.0,0.0,0.2,0.0,0.0,0.1989675347273536,0.0,0.0,0.0,square,2,0.2,0.25,27,54,13.559993028640747,0.0
1779528342.7754343,0.0,0.0,0.1989675347273536,0.0,0.0,0.0,-0.0792,1.5048000000000001,-0.4752,0.0,0.0,0.2,0.0,0.0,0.1989675347273536,0.0,0.0,0.0020777729190408684,square,2,0.2,0.25,27,54,13.569969654083252,0.0
1779528342.7854137,0.0,0.0,0.1989675347273536,0.0,0.0,0.0020777729190408684,-0.0396,1.5444,-0.5544000000000001,0.0,0.0,0.2,0.0,0.0,0.1989675347273536,0.0,0.0,0.0,square,2,0.2,0.25,27,54,13.579992771148682,0.0
1779528342.795635,0.0,0.0,0.1989675347273536,0.0,0.0,0.0,-0.0792,1.5444,-0.396,0.0,0.0,0.2,0.0,0.0,0.1989675347273536,-0.0020777729190408684,0.0,-0.0020777729190408684,square,2,0.2,0.25,27,54,13.589972257614136,0.0
1779528342.8054123,0.0,0.0,0.1989675347273536,-0.0020777729190408684,0.0,-0.0020777729190408684,0.0,1.5048000000000001,-0.5544000000000001,0.0,0.0,0.2,0.0,0.0,0.1989675347273536,0.0,0.0,0.0,square,2,0.2,0.25,27,54,13.600193500518799,0.0
1779528342.815499,0.0,0.0,0.1989675347273536,0.0,0.0,0.0,0.0,1.5048000000000001,-0.5148,0.0,0.0,0.2,0.0,0.0,0.1989675347273536,0.0,0.0,0.0020777729190408684,square,2,0.2,0.25,27,54,13.609970808029175,0.0
1779528342.8254147,0.0,0.0,0.1989675347273536,0.0,0.0,0.0020777729190408684,-0.0396,1.5444,-0.5544000000000001,0.0,0.0,0.2,0.0,0.0,0.1989675347273536,0.0,0.0,0.0,square,2,0.2,0.25,27,54,13.620057582855225,0.0
1779528342.8354127,0.0,0.0,0.1989675347273536,0.0,0.0,0.0,0.0,1.5048000000000001,-0.5544000000000001,0.0,0.0,0.2,0.0,0.0,0.1989675347273536,0.0,0.0020777729190408684,0.0,square,2,0.2,0.25,27,54,13.62997317314148,0.0
1779528342.8454328,0.0,0.0,0.1989675347273536,0.0,0.0020777729190408684,0.0,-0.0396,1.4652,-0.5148,0.0,0.0,0.2,0.0,0.0,0.1989675347273536,0.0,0.0,0.0,square,2,0.2,0.25,27,54,13.639971256256104,0.0
1779528342.8554096,0.0,0.0,0.1989675347273536,0.0,0.0,0.0,0.0,1.6236000000000002,-0.4356,0.0,0.0,0.2,0.0,0.0,0.1989675347273536,0.0,0.0,0.0,square,2,0.2,0.25,27,54,13.649991273880005,0.0
1779528342.865431,0.0,0.0,0.1989675347273536,0.0,0.0,0.0,0.0,1.5048000000000001,-0.5544000000000001,0.0,0.0,0.2,0.0,0.0,0.1989675347273536,0.0,0.0,0.0,square,2,0.2,0.25,27,54,13.659968137741089,0.0
1779528342.875411,0.0,0.0,0.1989675347273536,0.0,0.0,0.0,-0.0396,1.584,-0.5148,0.0,0.0,0.2,0.0,0.0,0.1989675347273536,0.0,0.0020777729190408684,0.0,square,2,0.2,0.25,27,54,13.669989585876465,0.0
1779528342.8854156,0.0,0.0,0.1989675347273536,0.0,0.0020777729190408684,0.0,0.0,1.6236000000000002,-0.5940000000000001,0.0,0.0,0.2,0.0,0.0,0.1989675347273536,0.0,0.0,0.0,square,2,0.2,0.25,27,54,13.679969549179077,0.0
1779528342.8954115,0.0,0.0,0.1989675347273536,0.0,0.0,0.0,0.0,1.4255999999999998,-0.4752,0.0,0.0,0.2,0.0,0.0,0.1989675347273536,0.0,0.0,0.0,square,2,0.2,0.25,27,54,13.689974069595337,0.0
1779528342.9054132,0.0,0.0,0.1989675347273536,0.0,0.0,0.0,-0.0396,1.5444,-0.5940000000000001,0.0,0.0,0.2,0.0,0.0,0.1989675347273536,0.0,0.0,0.0,square,2,0.2,0.25,27,54,13.699970006942749,0.0
1779528342.915414,0.0,0.0,0.1989675347273536,0.0,0.0,0.0,-0.0396,1.6236000000000002,-0.5940000000000001,0.0,0.0,0.2,0.0,0.0,0.1989675347273536,0.0,0.0,0.0,square,2,0.2,0.25,27,54,13.70997166633606,0.0
1779528342.925414,0.0,0.0,0.1989675347273536,0.0,0.0,0.0,0.0,1.5444,-0.5148,0.0,0.0,0.2,0.0,0.0,0.1989675347273536,0.0,0.0,0.0,square,2,0.2,0.25,27,54,13.719972610473633,0.0
1779528342.9354124,0.0,0.0,0.1989675347273536,0.0,0.0,0.0,-0.0396,1.4652,-0.5148,0.0,0.0,0.2,0.0,0.0,0.1989675347273536,0.0,0.0,0.0,square,2,0.2,0.25,27,54,13.72997260093689,0.0
1779528342.9454114,0.0,0.0,0.1989675347273536,0.0,0.0,0.0,-0.0396,1.6236000000000002,-0.5544000000000001,0.0,0.0,0.2,0.0,0.0,0.1989675347273536,0.0,0.0,0.0,square,2,0.2,0.25,27,54,13.739970922470093,0.0
1779528342.9553826,0.0,0.0,0.1989675347273536,0.0,0.0,0.0,0.0,1.6632,-0.6732,0.0,0.0,0.2,0.0,0.0,0.1989675347273536,0.0,0.0,0.0,square,2,0.2,0.25,27,54,13.749969959259033,0.0
1779528342.9654126,0.0,0.0,0.1989675347273536,0.0,0.0,0.0,-0.0396,1.6236000000000002,-0.5544000000000001,0.0,0.0,0.2,0.0,0.0,0.1989675347273536,0.0,0.0,0.0,square,2,0.2,0.25,27,54,13.759941101074219,0.0
1779528342.9754186,0.0,0.0,0.1989675347273536,0.0,0.0,0.0,-0.0792,1.6236000000000002,-0.5544000000000001,0.0,0.0,0.2,0.0,0.0,0.1989675347273536,0.0,0.0,0.0,square,2,0.2,0.25,27,54,13.769971132278442,0.0
1779528342.9854116,0.0,0.0,0.1989675347273536,0.0,0.0,0.0,-0.0396,1.6632,-0.5544000000000001,0.0,0.0,0.2,0.0,0.0,0.1989675347273536,0.0020777729190408684,0.0,0.0,square,2,0.2,0.25,27,54,13.779977083206177,0.0
1779528342.9954154,0.0,0.0,0.1989675347273536,0.0020777729190408684,0.0,0.0,-0.0396,1.6632,-0.4752,0.0,0.0,0.2,0.0,0.0,0.1989675347273536,0.0,0.0020777729190408684,0.0,square,2,0.2,0.25,27,54,13.78997015953064,0.0
1779528343.0054119,0.0,0.0,0.1989675347273536,0.0,0.0020777729190408684,0.0,-0.0396,1.5048000000000001,-0.5544000000000001,0.0,0.0,0.2,0.0,0.0,0.1989675347273536,0.0,0.0,0.0,square,2,0.2,0.25,27,54,13.799973964691162,0.0
1779528343.0154157,0.0,0.0,0.1989675347273536,0.0,0.0,0.0,-0.0396,1.6632,-0.5544000000000001,0.0,0.0,0.2,0.0,0.0,0.1989675347273536,0.0,0.0,0.0,square,2,0.2,0.25,27,54,13.809970378875732,0.0
1779528343.0254095,0.0,0.0,0.1989675347273536,0.0,0.0,0.0,0.0,1.6632,-0.5148,0.0,0.0,0.2,0.0,0.0,0.1989675347273536,0.0,0.0,0.0,square,2,0.2,0.25,27,54,13.819974184036255,0.0
1779528343.0354118,0.0,0.0,0.1989675347273536,0.0,0.0,0.0,0.0,1.6632,-0.5544000000000001,0.0,0.0,0.2,0.0,0.0,0.1989675347273536,0.0,-0.0020777729190408684,0.0,square,2,0.2,0.25,27,54,13.829967975616455,0.0
1779528343.0454102,0.0,0.0,0.1989675347273536,0.0,-0.0020777729190408684,0.0,0.0,1.4255999999999998,-0.5940000000000001,0.0,0.0,0.2,0.0,0.0,0.1989675347273536,0.0,0.0,0.0,square,2,0.2,0.25,27,54,13.839970350265503,0.0
1779528343.055407,0.0,0.0,0.1989675347273536,0.0,0.0,0.0,0.0,1.6236000000000002,-0.6336,0.0,0.0,0.2,0.0,0.0,0.1989675347273536,0.0,0.0,0.0,square,2,0.2,0.25,27,54,13.849968671798706,0.0
1779528343.0654106,0.0,0.0,0.1989675347273536,0.0,0.0,0.0,0.0,1.5048000000000001,-0.4752,0.0,0.0,0.2,0.0,0.0,0.1989675347273536,0.0,-0.0020777729190408684,-0.0020777729190408684,square,2,0.2,0.25,27,54,13.859965562820435,0.0
1779528343.0754116,0.0,0.0,0.1989675347273536,0.0,-0.0020777729190408684,-0.0020777729190408684,-0.0792,1.6632,-0.4752,0.0,0.0,0.2,0.0,0.0,0.1989675347273536,0.0,0.0,0.0,square,2,0.2,0.25,27,54,13.869969129562378,0.0
1779528343.0854106,0.0,0.0,0.1989675347273536,0.0,0.0,0.0,0.0,1.6236000000000002,-0.5148,0.0,0.0,0.2,0.0,0.0,0.1989675347273536,0.0,0.0,0.0,square,2,0.2,0.25,27,54,13.879970073699951,0.0
1779528343.0954103,0.0,0.0,0.1989675347273536,0.0,0.0,0.0,0.0,1.4652,-0.4752,0.0,0.0,0.2,0.0,0.0,0.1989675347273536,0.0,0.0,0.0,square,2,0.2,0.25,27,54,13.889969110488892,0.0
1779528343.1054173,0.0,0.0,0.1989675347273536,0.0,0.0,0.0,0.0,1.584,-0.6336,0.0,0.0,0.2,0.0,0.0,0.1989675347273536,0.0,0.0,0.0,square,2,0.2,0.25,27,54,13.89996886253357,0.0
1779528343.1154988,0.0,0.0,0.1989675347273536,0.0,0.0,0.0,0.0,1.5048000000000001,-0.4356,0.0,0.0,0.2,0.0,0.0,0.1989675347273536,0.0,0.0,0.0,square,2,0.2,0.25,27,54,13.90997576713562,0.0
1779528343.125508,0.0,0.0,0.1989675347273536,0.0,0.0,0.0,0.0,1.584,-0.5544000000000001,0.0,0.0,0.2,0.0,0.0,0.1989675347273536,0.0,0.0,0.0,square,2,0.2,0.25,27,54,13.92005729675293,0.0
1779528343.1354172,0.0,0.0,0.1989675347273536,0.0,0.0,0.0,0.0,1.584,-0.5544000000000001,0.0,0.0,0.2,0.0,0.0,0.1989675347273536,0.0020777729190408684,0.0,0.0,square,2,0.2,0.25,27,54,13.930066585540771,0.0
1779528343.1455066,0.0,0.0,0.1989675347273536,0.0020777729190408684,0.0,0.0,0.0,1.4652,-0.5148,0.0,0.0,0.2,0.0,0.0,0.1989675347273536,0.0,0.0,0.0,square,2,0.2,0.25,27,54,13.93997573852539,0.0
1779528343.155417,0.0,0.0,0.1989675347273536,0.0,0.0,0.0,0.0,1.6236000000000002,-0.5940000000000001,0.0,0.0,0.2,0.0,0.0,0.1989675347273536,0.0,0.0,0.0,square,2,0.2,0.25,27,54,13.95006513595581,0.0
1779528343.1655176,0.0,0.0,0.1989675347273536,0.0,0.0,0.0,0.0,1.4652,-0.5148,0.0,0.0,0.2,0.0,0.0,0.1989675347273536,-0.0020777729190408684,0.0,0.0,square,2,0.2,0.25,27,54,13.959975481033325,0.0
1779528343.1755085,0.0,0.0,0.1989675347273536,-0.0020777729190408684,0.0,0.0,0.0,1.5444,-0.5940000000000001,0.0,0.0,0.2,0.0,0.0,0.1989675347273536,0.0,-0.0020777729190408684,0.0,square,2,0.2,0.25,27,54,13.970076084136963,0.0
1779528343.1855054,0.0,0.0,0.1989675347273536,0.0,-0.0020777729190408684,0.0,0.0,1.6632,-0.5148,0.0,0.0,0.2,0.0,0.0,0.1989675347273536,0.0,0.0020777729190408684,0.0,square,2,0.2,0.25,27,54,13.980067014694214,0.0
1779528343.1954174,0.0,0.0,0.1989675347273536,0.0,0.0020777729190408684,0.0,0.0,1.4652,-0.5940000000000001,0.0,0.0,0.2,0.0,0.0,0.1989675347273536,0.0020777729190408684,0.0,0.0,square,2,0.2,0.25,27,54,13.990063905715942,0.0
1779528343.2054174,0.0,0.0,0.1989675347273536,0.0020777729190408684,0.0,0.0,-0.0792,1.584,-0.5544000000000001,0.0,0.0,0.2,0.0,0.0,0.1989675347273536,0.0,0.0,0.0020777729190408684,square,2,0.2,0.25,27,54,13.99997591972351,0.0
1779528343.21553,0.0,0.0,0.1989675347273536,0.0,0.0,0.0020777729190408684,-0.0396,1.6236000000000002,-0.4752,0.0,0.0,-0.2,0.0,0.0,0.1989675347273536,-0.0020777729190408684,0.0,-0.0020777729190408684,square,2,0.2,0.25,27,54,14.009975910186768,0.0
1779528343.2255177,0.0,0.0,0.1989675347273536,-0.0020777729190408684,0.0,-0.0020777729190408684,0.0,1.4652,-0.4752,0.0,0.0,-0.2,0.0,0.0,0.1989675347273536,0.0,0.0,0.0,square,2,0.2,0.25,27,54,14.02008843421936,0.0
1779528343.2354171,0.0,0.0,0.1989675347273536,0.0,0.0,0.0,0.1584,2.5740000000000003,3.9996,0.0,0.0,-0.2,0.0,0.0,0.18151424220741028,0.0020777729190408684,-0.0020777729190408684,-1.419118903704913,square,2,0.2,0.25,27,54,14.030076265335083,0.0
1779528343.2454998,0.0,0.0,0.18151424220741028,0.0020777729190408684,-0.0020777729190408684,-1.419118903704913,-1.2276,2.1780000000000004,1.5048000000000001,0.0,0.0,-0.2,0.0,0.0,0.1518436449235067,0.0,-0.01246663751424521,-2.82369339697654,square,2,0.2,0.25,27,54,14.039975643157959,0.0
1779528343.2554173,0.0,0.0,0.1518436449235067,0.0,-0.01246663751424521,-2.82369339697654,-0.396,1.3860000000000001,4.7916,0.0,0.0,-0.2,0.0,0.0,0.10821041362364843,0.004155545838081737,0.0,-3.9976350962346308,square,2,0.2,0.25,27,54,14.050058364868164,0.0
1779528343.2655172,0.0,0.0,0.10821041362364843,0.004155545838081737,0.0,-3.9976350962346308,0.35639999999999994,1.4652,1.8612000000000002,0.0,0.0,-0.2,0.0,0.0,0.061086523819801536,0.0020777729190408684,0.0,-4.542011601023338,square,2,0.2,0.25,27,54,14.059975862503052,0.0
1779528343.275417,0.0,0.0,0.061086523819801536,0.0020777729190408684,0.0,-4.542011601023338,-0.1188,1.2276,-0.7524000000000001,0.0,0.0,-0.2,0.0,0.0,0.015707963267948967,0.0,0.004155545838081737,-4.529544963509093,square,2,0.2,0.25,27,54,14.070075750350952,0.0
1779528343.2854168,0.0,0.0,0.015707963267948967,0.0,0.004155545838081737,-4.529544963509093,0.0792,1.0296,-4.435200000000001,0.0,0.0,-0.2,0.0,0.0,-0.019198621771937627,-0.004155545838081737,0.010388864595204342,-3.848035446063688,square,2,0.2,0.25,27,54,14.079975605010986,0.0
1779528343.2954173,0.0,0.0,-0.019198621771937627,-0.004155545838081737,0.010388864595204342,-3.848035446063688,0.0,1.4652,-0.8316,0.0,0.0,-0.2,0.0,0.0,-0.050614548307835565,-0.006233318757122605,0.0,-3.2600257099751224,square,2,0.2,0.25,27,54,14.089975357055664,0.0
1779528343.305417,0.0,0.0,-0.050614548307835565,-0.006233318757122605,0.0,-3.2600257099751224,-0.0792,1.4255999999999998,-0.2376,0.0,0.0,-0.2,0.0,0.0,-0.07853981633974483,0.0,0.0020777729190408684,-2.8195378511384583,square,2,0.2,0.25,27,54,14.099975824356079,0.0
1779528343.3155024,0.0,0.0,-0.07853981633974483,0.0,0.0020777729190408684,-2.8195378511384583,-0.0396,1.2672,-1.2672,0.0,0.0,-0.2,0.0,0.0,-0.10122909661567113,0.0,0.0,-2.3582722631113855,square,2,0.2,0.25,27,54,14.109975576400757,0.0
1779528343.3254168,0.0,0.0,-0.10122909661567113,0.0,0.0,-2.3582722631113855,0.0,1.3860000000000001,0.0792,0.0,0.0,-0.2,0.0,0.0,-0.11868238913561442,0.0020777729190408684,0.0,-1.9634954084936207,square,2,0.2,0.25,27,54,14.120060920715332,0.0
1779528343.3354175,0.0,0.0,-0.11868238913561442,0.0020777729190408684,0.0,-1.9634954084936207,0.1584,1.3464,-0.5544000000000001,0.0,0.0,-0.2,0.0,0.0,-0.1343903524035634,0.0020777729190408684,0.0,-1.6289739685280409,square,2,0.2,0.25,27,54,14.129975318908691,0.0
1779528343.3455107,0.0,0.0,-0.1343903524035634,0.0020777729190408684,0.0,-1.6289739685280409,-0.1584,1.4652,-0.0792,0.0,0.0,-0.2,0.0,0.0,-0.14835298641951802,0.0,0.0,-1.3484746244575236,square,2,0.2,0.25,27,54,14.139976024627686,0.0
1779528343.3555222,0.0,0.0,-0.14835298641951802,0.0,0.0,-1.3484746244575236,-0.1188,1.2672,-0.0396,0.0,0.0,-0.2,0.0,0.0,-0.158824961931484,0.0,0.0,-1.0991418741726193,square,2,0.2,0.25,27,54,14.150069236755371,0.0
1779528343.3654172,0.0,0.0,-0.158824961931484,0.0,0.0,-1.0991418741726193,0.0,1.3860000000000001,0.0,0.0,0.0,-0.2,0.0,0.0,-0.1658062789394613,0.0,-0.004155545838081737,-0.899675673944696,square,2,0.2,0.25,27,54,14.160080671310425,0.0
1779528343.375505,0.0,0.0,-0.1658062789394613,0.0,-0.004155545838081737,-0.899675673944696,0.0,1.3068,-0.27720000000000006,0.0,0.0,-0.2,0.0,0.0,-0.17278759594743864,0.0,0.0,-0.7292982945833448,square,2,0.2,0.25,27,54,14.169975757598877,0.0
1779528343.3855035,0.0,0.0,-0.17278759594743864,0.0,0.0,-0.7292982945833448,0.0,1.3464,0.4356,0.0,0.0,-0.2,0.0,0.0,-0.17976891295541597,0.0,0.0,-0.5859319631695249,square,2,0.2,0.25,27,54,14.180063486099243,0.0
1779528343.3954175,0.0,0.0,-0.17976891295541597,0.0,0.0,-0.5859319631695249,0.0,1.2276,-0.1188,0.0,0.0,-0.2,0.0,0.0,-0.1832595714594046,0.0,0.0,-0.47996554429844057,square,2,0.2,0.25,27,54,14.190062046051025,0.0
1779528343.4054153,0.0,0.0,-0.1832595714594046,0.0,0.0,-0.47996554429844057,0.0396,1.3464,0.1188,0.0,0.0,-0.2,0.0,0.0,-0.1867502299633933,0.0,0.0,-0.37192135250831543,square,2,0.2,0.25,27,54,14.199975967407227,0.0
1779528343.415414,0.0,0.0,-0.1867502299633933,0.0,0.0,-0.37192135250831543,-0.0396,1.4255999999999998,0.4356,0.0,0.0,-0.2,0.0,0.0,-0.19024088846738194,0.0,0.0,-0.30751039201804853,square,2,0.2,0.25,27,54,14.209973812103271,0.0
1779528343.4254165,0.0,0.0,-0.19024088846738194,0.0,0.0,-0.30751039201804853,0.0,1.3068,-0.198,0.0,0.0,-0.2,0.0,0.0,-0.19198621771937624,0.0,0.0,-0.22647724817545464,square,2,0.2,0.25,27,54,14.219972610473633,0.0
1779528343.4354126,0.0,0.0,-0.19198621771937624,0.0,0.0,-0.22647724817545464,0.0,1.3068,0.2376,0.0,0.0,-0.2,0.0,0.0,-0.1937315469713706,0.0,0.0,-0.19115510855175988,square,2,0.2,0.25,27,54,14.22997498512268,0.0
1779528343.4454155,0.0,0.0,-0.1937315469713706,0.0,0.0,-0.19115510855175988,-0.0396,1.4652,-0.0396,0.0,0.0,-0.2,0.0,0.0,-0.1954768762233649,0.0020777729190408684,0.0,-0.1516774230899834,square,2,0.2,0.25,27,54,14.239971160888672,0.0
1779528343.4554133,0.0,0.0,-0.1954768762233649,0.0020777729190408684,0.0,-0.1516774230899834,0.1584,1.2276,0.0792,0.0,0.0,-0.2,0.0,0.0,-0.19722220547535924,0.0,0.0,-0.11427751054724776,square,2,0.2,0.25,27,54,14.249974012374878,0.0
1779528343.4654136,0.0,0.0,-0.19722220547535924,0.0,0.0,-0.11427751054724776,0.1584,1.2276,0.396,0.0,0.0,-0.2,0.0,0.0,-0.19722220547535924,0.0,0.0,-0.078955370923553,square,2,0.2,0.25,27,54,14.259971857070923,0.0
1779528343.4754088,0.0,0.0,-0.19722220547535924,0.0,0.0,-0.078955370923553,0.1188,1.3464,0.7127999999999999,0.0,0.0,-0.2,0.0,0.0,-0.19722220547535924,-0.0020777729190408684,0.0,-0.05402209589506258,square,2,0.2,0.25,27,54,14.269972085952759,0.0
1779528343.4854164,0.0,0.0,-0.19722220547535924,-0.0020777729190408684,0.0,-0.05402209589506258,0.0,1.2276,1.0296,0.0,0.0,-0.2,0.0,0.0,-0.19722220547535924,-0.0020777729190408684,0.0,-0.04986655005698084,square,2,0.2,0.25,27,54,14.279967308044434,0.0
1779528343.4954133,0.0,0.0,-0.19722220547535924,-0.0020777729190408684,0.0,-0.04986655005698084,-0.0792,1.3068,0.8316,0.0,0.0,-0.2,0.0,0.0,-0.1989675347273536,-0.006233318757122605,0.0,-0.035322139623694765,square,2,0.2,0.25,27,54,14.289974927902222,0.0
1779528343.5054128,0.0,0.0,-0.1989675347273536,-0.006233318757122605,0.0,-0.035322139623694765,-0.1584,1.3464,0.99,0.0,0.0,-0.2,0.0,0.0,-0.1989675347273536,0.0,0.0,-0.022855502109449553,square,2,0.2,0.25,27,54,14.29997181892395,0.0
1779528343.5154128,0.0,0.0,-0.1989675347273536,0.0,0.0,-0.022855502109449553,-0.0792,1.4255999999999998,1.0296,0.0,0.0,-0.2,0.0,0.0,-0.1989675347273536,0.0,0.0,-0.020777729190408684,square,2,0.2,0.25,27,54,14.309971332550049,0.0
1779528343.5254123,0.0,0.0,-0.1989675347273536,0.0,0.0,-0.020777729190408684,0.0,1.3860000000000001,0.8316,0.0,0.0,-0.2,0.0,0.0,-0.1989675347273536,0.0020777729190408684,0.0,-0.02493327502849042,square,2,0.2,0.25,27,54,14.319971323013306,0.0
1779528343.5354128,0.0,0.0,-0.1989675347273536,0.0020777729190408684,0.0,-0.02493327502849042,-0.0396,1.3860000000000001,0.5544000000000001,0.0,0.0,-0.2,0.0,0.0,-0.1989675347273536,0.004155545838081737,0.0,-0.010388864595204342,square,2,0.2,0.25,27,54,14.329970836639404,0.0
1779528343.545413,0.0,0.0,-0.1989675347273536,0.004155545838081737,0.0,-0.010388864595204342,0.1188,1.3860000000000001,0.7524000000000001,0.0,0.0,-0.2,0.0,0.0,-0.1989675347273536,0.0020777729190408684,0.0020777729190408684,-0.008311091676163474,square,2,0.2,0.25,27,54,14.33997130393982,0.0
1779528343.5554152,0.0,0.0,-0.1989675347273536,0.0020777729190408684,0.0020777729190408684,-0.008311091676163474,0.1188,1.3464,0.6336,0.0,0.0,-0.2,0.0,0.0,-0.1989675347273536,0.0,0.0,-0.004155545838081737,square,2,0.2,0.25,27,54,14.349971532821655,0.0
1779528343.565416,0.0,0.0,-0.1989675347273536,0.0,0.0,-0.004155545838081737,-0.0396,1.2672,0.7127999999999999,0.0,0.0,-0.2,0.0,0.0,-0.1989675347273536,0.0,0.0,0.0,square,2,0.2,0.25,27,54,14.359973669052124,0.0
1779528343.5754154,0.0,0.0,-0.1989675347273536,0.0,0.0,0.0,-0.0396,1.2672,0.6732,0.0,0.0,-0.2,0.0,0.0,-0.1989675347273536,-0.0020777729190408684,0.0,0.0,square,2,0.2,0.25,27,54,14.369974613189697,0.0
1779528343.5854137,0.0,0.0,-0.1989675347273536,-0.0020777729190408684,0.0,0.0,0.0,1.1880000000000002,0.5940000000000001,0.0,0.0,-0.2,0.0,0.0,-0.1989675347273536,0.0,0.0,-0.0020777729190408684,square,2,0.2,0.25,27,54,14.379973888397217,0.0
1779528343.5954123,0.0,0.0,-0.1989675347273536,0.0,0.0,-0.0020777729190408684,0.0,1.3068,0.5544000000000001,0.0,0.0,-0.2,0.0,0.0,-0.1989675347273536,0.0,0.0,0.0,square,2,0.2,0.25,27,54,14.38997220993042,0.0
1779528343.6054282,0.0,0.0,-0.1989675347273536,0.0,0.0,0.0,0.0,1.3464,0.6732,0.0,0.0,-0.2,0.0,0.0,-0.1989675347273536,0.0,0.0,0.0,square,2,0.2,0.25,27,54,14.399970769882202,0.0
1779528343.6154463,0.0,0.0,-0.1989675347273536,0.0,0.0,0.0,-0.0792,1.1483999999999999,0.5544000000000001,0.0,0.0,-0.2,0.0,0.0,-0.1989675347273536,0.0,0.0,0.0,square,2,0.2,0.25,27,54,14.409986734390259,0.0
1779528343.6254873,0.0,0.0,-0.1989675347273536,0.0,0.0,0.0,0.0,1.3068,0.5148,0.0,0.0,-0.2,0.0,0.0,-0.1989675347273536,0.0020777729190408684,0.0,0.0,square,2,0.2,0.25,27,54,14.420004844665527,0.0
1779528343.6354127,0.0,0.0,-0.1989675347273536,0.0020777729190408684,0.0,0.0,0.0,1.3068,0.6336,0.0,0.0,-0.2,0.0,0.0,-0.1989675347273536,0.0020777729190408684,0.0,0.0,square,2,0.2,0.25,27,54,14.43004584312439,0.0
1779528343.6454122,0.0,0.0,-0.1989675347273536,0.0020777729190408684,0.0,0.0,-0.0396,1.3464,0.5544000000000001,0.0,0.0,-0.2,0.0,0.0,-0.1989675347273536,0.0,0.0,0.0,square,2,0.2,0.25,27,54,14.439971208572388,0.0
1779528343.6554284,0.0,0.0,-0.1989675347273536,0.0,0.0,0.0,-0.0396,1.3068,0.5544000000000001,0.0,0.0,-0.2,0.0,0.0,-0.1989675347273536,0.0020777729190408684,0.0,0.0,square,2,0.2,0.25,27,54,14.449970722198486,0.0
1779528343.6654146,0.0,0.0,-0.1989675347273536,0.0020777729190408684,0.0,0.0,0.1584,1.1880000000000002,-0.5148,0.0,0.0,-0.2,0.0,0.0,-0.1989675347273536,0.0,0.0,0.0,square,2,0.2,0.25,27,54,14.459986925125122,0.0
1779528343.6754165,0.0,0.0,-0.1989675347273536,0.0,0.0,0.0,-0.0792,1.2672,-0.5148,0.0,0.0,-0.2,0.0,0.0,-0.1989675347273536,0.0,0.0,0.0,square,2,0.2,0.25,27,54,14.469973087310791,0.0
1779528343.6854155,0.0,0.0,-0.1989675347273536,0.0,0.0,0.0,-0.0396,1.1880000000000002,-0.35639999999999994,0.0,0.0,-0.2,0.0,0.0,-0.1989675347273536,-0.0020777729190408684,0.0020777729190408684,0.0,square,2,0.2,0.25,27,54,14.47997498512268,0.0
1779528343.6954234,0.0,0.0,-0.1989675347273536,-0.0020777729190408684,0.0020777729190408684,0.0,0.0,1.3068,-0.35639999999999994,0.0,0.0,-0.2,0.0,0.0,-0.1989675347273536,-0.0020777729190408684,0.0,0.0,square,2,0.2,0.25,27,54,14.489974021911621,0.0
1779528343.705454,0.0,0.0,-0.1989675347273536,-0.0020777729190408684,0.0,0.0,0.0396,1.3068,-0.5544000000000001,0.0,0.0,-0.2,0.0,0.0,-0.1989675347273536,0.0,0.0,0.0,square,2,0.2,0.25,27,54,14.499981880187988,0.0
1779528343.715406,0.0,0.0,-0.1989675347273536,0.0,0.0,0.0,0.0,1.1483999999999999,-0.396,0.0,0.0,-0.2,0.0,0.0,-0.1989675347273536,0.0,0.0,0.0,square,2,0.2,0.25,27,54,14.51001262664795,0.0
1779528343.725417,0.0,0.0,-0.1989675347273536,0.0,0.0,0.0,0.0,1.2276,-0.4356,0.0,0.0,-0.2,0.0,0.0,-0.1989675347273536,0.0,0.0,0.0,square,2,0.2,0.25,27,54,14.519964456558228,0.0
1779528343.7354102,0.0,0.0,-0.1989675347273536,0.0,0.0,0.0,0.0,1.3464,-0.35639999999999994,0.0,0.0,-0.2,0.0,0.0,-0.1989675347273536,0.0020777729190408684,0.0,0.0,square,2,0.2,0.25,27,54,14.529975414276123,0.0
1779528343.7454157,0.0,0.0,-0.1989675347273536,0.0020777729190408684,0.0,0.0,-0.0792,1.1483999999999999,-0.35639999999999994,0.0,0.0,-0.2,0.0,0.0,-0.1989675347273536,0.0020777729190408684,0.0,0.0,square,2,0.2,0.25,27,54,14.539968729019165,0.0
1779528343.7554173,0.0,0.0,-0.1989675347273536,0.0020777729190408684,0.0,0.0,-0.0792,1.1483999999999999,-0.35639999999999994,0.0,0.0,-0.2,0.0,0.0,-0.1989675347273536,0.0020777729190408684,0.0,0.0,square,2,0.2,0.25,27,54,14.549974203109741,0.0
1779528343.76541,0.0,0.0,-0.1989675347273536,0.0020777729190408684,0.0,0.0,0.0792,1.2276,-0.35639999999999994,0.0,0.0,-0.2,0.0,0.0,-0.1989675347273536,0.0,0.0,0.0,square,2,0.2,0.25,27,54,14.559975862503052,0.0
1779528343.7754123,0.0,0.0,-0.1989675347273536,0.0,0.0,0.0,0.0,1.1880000000000002,0.3168,0.0,0.0,-0.2,0.0,0.0,-0.1989675347273536,0.0,0.0,0.0,square,2,0.2,0.25,27,54,14.569968461990356,0.0
1779528343.7854168,0.0,0.0,-0.1989675347273536,0.0,0.0,0.0,-0.0396,1.1483999999999999,-0.396,0.0,0.0,-0.2,0.0,0.0,-0.1989675347273536,0.0,0.0,0.0,square,2,0.2,0.25,27,54,14.579970836639404,0.0
1779528343.7959044,0.0,0.0,-0.1989675347273536,0.0,0.0,0.0,0.0,1.1483999999999999,-0.198,0.0,0.0,-0.2,0.0,0.0,-0.1989675347273536,0.0,0.0,0.0,square,2,0.2,0.25,27,54,14.589975357055664,0.0
1779528343.8054159,0.0,0.0,-0.1989675347273536,0.0,0.0,0.0,0.0396,1.1483999999999999,-0.35639999999999994,0.0,0.0,-0.2,0.0,0.0,-0.1989675347273536,0.0020777729190408684,0.0020777729190408684,0.0020777729190408684,square,2,0.2,0.25,27,54,14.600462913513184,0.0
1779528343.8154786,0.0,0.0,-0.1989675347273536,0.0020777729190408684,0.0020777729190408684,0.0020777729190408684,0.0,1.1880000000000002,-0.198,0.0,0.0,-0.2,0.0,0.0,-0.1989675347273536,0.0,0.0,0.0,square,2,0.2,0.25,27,54,14.609974384307861,0.0
1779528343.82541,0.0,0.0,-0.1989675347273536,0.0,0.0,0.0,0.0,1.2672,0.3168,0.0,0.0,-0.2,0.0,0.0,-0.1989675347273536,0.0,0.0,0.0020777729190408684,square,2,0.2,0.25,27,54,14.620037078857422,0.0
1779528343.835417,0.0,0.0,-0.1989675347273536,0.0,0.0,0.0020777729190408684,0.0,1.1483999999999999,-0.198,0.0,0.0,-0.2,0.0,0.0,-0.1989675347273536,0.0020777729190408684,0.0020777729190408684,0.0,square,2,0.2,0.25,27,54,14.629968404769897,0.0
1779528343.8454132,0.0,0.0,-0.1989675347273536,0.0020777729190408684,0.0020777729190408684,0.0,-0.0792,1.2276,0.3168,0.0,0.0,-0.2,0.0,0.0,-0.1989675347273536,0.0,-0.0020777729190408684,0.0,square,2,0.2,0.25,27,54,14.639975547790527,0.0
1779528343.85544,0.0,0.0,-0.1989675347273536,0.0,-0.0020777729190408684,0.0,-0.1188,1.1483999999999999,0.3168,0.0,0.0,-0.2,0.0,0.0,-0.1989675347273536,0.0,-0.0020777729190408684,0.0,square,2,0.2,0.25,27,54,14.649971723556519,0.0
1779528343.8654523,0.0,0.0,-0.1989675347273536,0.0,-0.0020777729190408684,0.0,0.0792,1.2276,0.27720000000000006,0.0,0.0,-0.2,0.0,0.0,-0.1989675347273536,0.0,0.0,0.0,square,2,0.2,0.25,27,54,14.659998416900635,0.0
1779528343.875411,0.0,0.0,-0.1989675347273536,0.0,0.0,0.0,0.0,1.2672,0.198,0.0,0.0,-0.2,0.0,0.0,-0.1989675347273536,0.0,0.0,0.0,square,2,0.2,0.25,27,54,14.670010805130005,0.0
1779528343.8854144,0.0,0.0,-0.1989675347273536,0.0,0.0,0.0,0.0,1.2672,0.198,0.0,0.0,-0.2,0.0,0.0,-0.1989675347273536,0.0,-0.0020777729190408684,0.0020777729190408684,square,2,0.2,0.25,27,54,14.679969549179077,0.0
1779528343.8954308,0.0,0.0,-0.1989675347273536,0.0,-0.0020777729190408684,0.0020777729190408684,0.0,1.0692,0.198,0.0,0.0,-0.2,0.0,0.0,-0.1989675347273536,0.0,0.0,0.0,square,2,0.2,0.25,27,54,14.689972877502441,0.0
1779528343.9054143,0.0,0.0,-0.1989675347273536,0.0,0.0,0.0,0.0,1.1483999999999999,0.27720000000000006,0.0,0.0,-0.2,0.0,0.0,-0.1989675347273536,0.0,0.0,0.0,square,2,0.2,0.25,27,54,14.699989318847656,0.0
1779528343.9154155,0.0,0.0,-0.1989675347273536,0.0,0.0,0.0,0.0396,1.2276,0.198,0.0,0.0,-0.2,0.0,0.0,-0.1989675347273536,0.0,0.0,0.0,square,2,0.2,0.25,27,54,14.709972858428955,0.0
1779528343.9254146,0.0,0.0,-0.1989675347273536,0.0,0.0,0.0,0.0,1.1483999999999999,0.1584,0.0,0.0,-0.2,0.0,0.0,-0.1989675347273536,0.0,0.0,0.0,square,2,0.2,0.25,27,54,14.719974040985107,0.0
1779528343.9354506,0.0,0.0,-0.1989675347273536,0.0,0.0,0.0,-0.0396,1.2672,0.1584,0.0,0.0,-0.2,0.0,0.0,-0.1989675347273536,0.0020777729190408684,0.0,-0.0020777729190408684,square,2,0.2,0.25,27,54,14.729973077774048,0.0
1779528343.9454129,0.0,0.0,-0.1989675347273536,0.0020777729190408684,0.0,-0.0020777729190408684,-0.0792,1.2672,-0.198,0.0,0.0,-0.2,0.0,0.0,-0.1989675347273536,0.0020777729190408684,0.0,0.0,square,2,0.2,0.25,27,54,14.740009069442749,0.0
1779528343.9554126,0.0,0.0,-0.1989675347273536,0.0020777729190408684,0.0,0.0,-0.1188,1.2276,0.27720000000000006,0.0,0.0,-0.2,0.0,0.0,-0.1989675347273536,0.0,0.0,0.0,square,2,0.2,0.25,27,54,14.749971389770508,0.0
1779528343.9654157,0.0,0.0,-0.1989675347273536,0.0,0.0,0.0,-0.0396,1.2672,0.1188,0.0,0.0,-0.2,0.0,0.0,-0.1989675347273536,0.0,0.0,0.0,square,2,0.2,0.25,27,54,14.759971141815186,0.0
1779528343.9754148,0.0,0.0,-0.1989675347273536,0.0,0.0,0.0,-0.0396,1.2276,0.1188,0.0,0.0,-0.2,0.0,0.0,-0.1989675347273536,0.0,0.0,-0.0020777729190408684,square,2,0.2,0.25,27,54,14.76997423171997,0.0
1779528343.985426,0.0,0.0,-0.1989675347273536,0.0,0.0,-0.0020777729190408684,-0.0396,1.2276,0.1188,0.0,0.0,-0.2,0.0,0.0,-0.1989675347273536,0.0,0.0,0.0,square,2,0.2,0.25,27,54,14.779973268508911,0.0
1779528343.9954102,0.0,0.0,-0.1989675347273536,0.0,0.0,0.0,0.0,1.1880000000000002,0.1584,0.0,0.0,-0.2,0.0,0.0,-0.1989675347273536,0.0,0.0,0.0,square,2,0.2,0.25,27,54,14.789984464645386,0.0
1779528344.0054185,0.0,0.0,-0.1989675347273536,0.0,0.0,0.0,0.0,1.1088000000000002,0.1188,0.0,0.0,-0.2,0.0,0.0,-0.1989675347273536,0.0,0.0,0.0,square,2,0.2,0.25,27,54,14.799968719482422,0.0
1779528344.0154374,0.0,0.0,-0.1989675347273536,0.0,0.0,0.0,0.0396,1.1483999999999999,0.0792,0.0,0.0,-0.2,0.0,0.0,-0.1989675347273536,0.0020777729190408684,0.0,0.0,square,2,0.2,0.25,27,54,14.809977054595947,0.0
1779528344.025413,0.0,0.0,-0.1989675347273536,0.0020777729190408684,0.0,0.0,0.0792,1.1880000000000002,0.1584,0.0,0.0,-0.2,0.0,0.0,-0.1989675347273536,0.0,0.0,0.0,square,2,0.2,0.25,27,54,14.819995880126953,0.0
1779528344.0354578,0.0,0.0,-0.1989675347273536,0.0,0.0,0.0,-0.0396,1.0692,0.1584,0.0,0.0,-0.2,0.0,0.0,-0.1989675347273536,0.0,0.0,0.0,square,2,0.2,0.25,27,54,14.829971551895142,0.0
1779528344.0454116,0.0,0.0,-0.1989675347273536,0.0,0.0,0.0,-0.0396,1.2276,0.198,0.0,0.0,-0.2,0.0,0.0,-0.1989675347273536,0.0,0.0,0.0,square,2,0.2,0.25,27,54,14.84001636505127,0.0
1779528344.0554144,0.0,0.0,-0.1989675347273536,0.0,0.0,0.0,-0.0396,1.2276,0.0396,0.0,0.0,-0.2,0.0,0.0,-0.1989675347273536,0.0,0.0,0.0,square,2,0.2,0.25,27,54,14.84997010231018,0.0
1779528344.065415,0.0,0.0,-0.1989675347273536,0.0,0.0,0.0,-0.0396,1.1483999999999999,0.27720000000000006,0.0,0.0,-0.2,0.0,0.0,-0.1989675347273536,-0.0020777729190408684,0.0,0.0,square,2,0.2,0.25,27,54,14.859972953796387,0.0
1779528344.0754182,0.0,0.0,-0.1989675347273536,-0.0020777729190408684,0.0,0.0,-0.0396,1.1483999999999999,0.1584,0.0,0.0,-0.2,0.0,0.0,-0.1989675347273536,-0.0020777729190408684,0.0,0.0,square,2,0.2,0.25,27,54,14.869973421096802,0.0
1779528344.0854151,0.0,0.0,-0.1989675347273536,-0.0020777729190408684,0.0,0.0,0.0,1.3068,0.198,0.0,0.0,-0.2,0.0,0.0,-0.1989675347273536,0.0,0.0,0.0,square,2,0.2,0.25,27,54,14.879976749420166,0.0
1779528344.0954192,0.0,0.0,-0.1989675347273536,0.0,0.0,0.0,-0.0396,1.1880000000000002,0.3168,0.0,0.0,-0.2,0.0,0.0,-0.1989675347273536,0.0,0.0,0.0,square,2,0.2,0.25,27,54,14.889973640441895,0.0
1779528344.1054182,0.0,0.0,-0.1989675347273536,0.0,0.0,0.0,0.0,1.2276,0.0792,0.0,0.0,-0.2,0.0,0.0,-0.1989675347273536,0.0,0.0,0.0,square,2,0.2,0.25,27,54,14.899977684020996,0.0
1779528344.1154604,0.0,0.0,-0.1989675347273536,0.0,0.0,0.0,-0.0396,1.1880000000000002,0.0792,0.0,0.0,-0.2,0.0,0.0,-0.1989675347273536,0.0,0.0,0.0,square,2,0.2,0.25,27,54,14.909976720809937,0.0
1779528344.1254237,0.0,0.0,-0.1989675347273536,0.0,0.0,0.0,-0.1188,1.2276,0.2376,0.0,0.0,-0.2,0.0,0.0,-0.1989675347273536,0.0020777729190408684,0.0,0.0,square,2,0.2,0.25,27,54,14.920018911361694,0.0
1779528344.1354156,0.0,0.0,-0.1989675347273536,0.0020777729190408684,0.0,0.0,0.1188,1.1483999999999999,-0.198,0.0,0.0,-0.2,0.0,0.0,-0.1989675347273536,0.0,0.0,0.0,square,2,0.2,0.25,27,54,14.92998218536377,0.0
1779528344.1454225,0.0,0.0,-0.1989675347273536,0.0,0.0,0.0,0.0396,1.1483999999999999,0.198,0.0,0.0,-0.2,0.0,0.0,-0.1989675347273536,0.0020777729190408684,0.0020777729190408684,0.0,square,2,0.2,0.25,27,54,14.939974069595337,0.0
1779528344.1554406,0.0,0.0,-0.1989675347273536,0.0020777729190408684,0.0020777729190408684,0.0,0.0792,1.0296,0.198,0.0,0.0,-0.2,0.0,0.0,-0.1989675347273536,0.0,0.0,0.0,square,2,0.2,0.25,27,54,14.949980974197388,0.0
1779528344.1656208,0.0,0.0,-0.1989675347273536,0.0,0.0,0.0,-0.0396,1.2276,0.1188,0.0,0.0,-0.2,0.0,0.0,-0.1989675347273536,0.0,0.0,0.0,square,2,0.2,0.25,27,54,14.959999084472656,0.0
1779528344.1754155,0.0,0.0,-0.1989675347273536,0.0,0.0,0.0,0.0,1.1483999999999999,0.1584,0.0,0.0,-0.2,0.0,0.0,-0.1989675347273536,-0.0020777729190408684,0.0,0.0,square,2,0.2,0.25,27,54,14.970179319381714,0.0
1779528344.18544,0.0,0.0,-0.1989675347273536,-0.0020777729190408684,0.0,0.0,0.0,1.1088000000000002,0.1188,0.0,0.0,-0.2,0.0,0.0,-0.1989675347273536,0.0,0.0,0.0,square,2,0.2,0.25,27,54,14.979974031448364,0.0
1779528344.1954136,0.0,0.0,-0.1989675347273536,0.0,0.0,0.0,0.0,1.1880000000000002,0.198,0.0,0.0,-0.2,0.0,0.0,-0.1989675347273536,0.0,0.0,0.0,square,2,0.2,0.25,27,54,14.989998579025269,0.0
1779528344.2054176,0.0,0.0,-0.1989675347273536,0.0,0.0,0.0,-0.0396,1.1880000000000002,0.2376,0.0,0.0,-0.2,0.0,0.0,-0.1989675347273536,0.0,0.0,0.0,square,2,0.2,0.25,27,54,14.999972105026245,0.0
1779528344.2154436,0.0,0.0,-0.1989675347273536,0.0,0.0,0.0,-0.0396,1.1483999999999999,0.1584,0.0,0.0,-0.2,0.0,0.0,-0.1989675347273536,0.0,0.0,0.0,square,2,0.2,0.25,27,54,15.009976148605347,0.0
1779528344.22541,0.0,0.0,-0.1989675347273536,0.0,0.0,0.0,-0.0792,1.1880000000000002,0.0792,0.0,0.0,-0.2,0.0,0.0,-0.1989675347273536,0.0,0.0,0.0,square,2,0.2,0.25,27,54,15.020002126693726,0.0
1779528344.2354245,0.0,0.0,-0.1989675347273536,0.0,0.0,0.0,-0.0792,1.2276,0.1584,0.0,0.0,-0.2,0.0,0.0,-0.1989675347273536,0.0,0.0,0.0,square,2,0.2,0.25,27,54,15.029968500137329,0.0
1779528344.2454193,0.0,0.0,-0.1989675347273536,0.0,0.0,0.0,-0.0396,1.0692,0.1188,0.0,0.0,-0.2,0.0,0.0,-0.1989675347273536,0.0,0.0,0.0,square,2,0.2,0.25,27,54,15.039983034133911,0.0
1779528344.2554152,0.0,0.0,-0.1989675347273536,0.0,0.0,0.0,0.0,1.0296,0.1188,0.0,0.0,-0.2,0.0,0.0,-0.1989675347273536,0.0,0.0,0.0,square,2,0.2,0.25,27,54,15.049977779388428,0.0
1779528344.2654188,0.0,0.0,-0.1989675347273536,0.0,0.0,0.0,0.0,1.2276,0.0,0.0,0.0,-0.2,0.0,0.0,-0.1989675347273536,-0.0020777729190408684,0.0,0.0,square,2,0.2,0.25,27,54,15.05997371673584,0.0
1779528344.2754152,0.0,0.0,-0.1989675347273536,-0.0020777729190408684,0.0,0.0,-0.0792,1.1483999999999999,0.27720000000000006,0.0,0.0,-0.2,0.0,0.0,-0.1989675347273536,0.0,0.0,0.0,square,2,0.2,0.25,27,54,15.069977283477783,0.0
1779528344.2854185,0.0,0.0,-0.1989675347273536,0.0,0.0,0.0,0.0,1.1088000000000002,0.198,0.0,0.0,-0.2,0.0,0.0,-0.1989675347273536,0.0,0.0,0.0,square,2,0.2,0.25,27,54,15.079973697662354,0.0
1779528344.2954328,0.0,0.0,-0.1989675347273536,0.0,0.0,0.0,-0.0396,1.1483999999999999,0.0396,0.0,0.0,-0.2,0.0,0.0,-0.1989675347273536,0.0,0.0,0.0,square,2,0.2,0.25,27,54,15.089977025985718,0.0
1779528344.305416,0.0,0.0,-0.1989675347273536,0.0,0.0,0.0,0.0,1.1483999999999999,0.0396,0.0,0.0,-0.2,0.0,0.0,-0.1989675347273536,0.0,0.0,0.0,square,2,0.2,0.25,27,54,15.09999132156372,0.0
1779528344.315418,0.0,0.0,-0.1989675347273536,0.0,0.0,0.0,-0.0792,1.1880000000000002,0.27720000000000006,0.0,0.0,-0.2,0.0,0.0,-0.1989675347273536,0.0020777729190408684,0.0,0.0,square,2,0.2,0.25,27,54,15.10997462272644,0.0
1779528344.3254154,0.0,0.0,-0.1989675347273536,0.0020777729190408684,0.0,0.0,-0.0792,1.1088000000000002,0.1188,0.0,0.0,-0.2,0.0,0.0,-0.1989675347273536,0.0,0.0,0.0,square,2,0.2,0.25,27,54,15.11997652053833,0.0
1779528344.3354104,0.0,0.0,-0.1989675347273536,0.0,0.0,0.0,-0.0792,1.3068,-0.1584,0.0,0.0,-0.2,0.0,0.0,-0.1989675347273536,0.0020777729190408684,0.0,0.0,square,2,0.2,0.25,27,54,15.129973888397217,0.0
1779528344.3454173,0.0,0.0,-0.1989675347273536,0.0020777729190408684,0.0,0.0,-0.0396,1.1483999999999999,-0.0792,0.0,0.0,-0.2,0.0,0.0,-0.1989675347273536,-0.0020777729190408684,0.0,0.0,square,2,0.2,0.25,27,54,15.139968872070312,0.0
1779528344.3554168,0.0,0.0,-0.1989675347273536,-0.0020777729190408684,0.0,0.0,0.0,1.1483999999999999,0.27720000000000006,0.0,0.0,-0.2,0.0,0.0,-0.1989675347273536,-0.0020777729190408684,0.0,0.0,square,2,0.2,0.25,27,54,15.149975776672363,0.0
1779528344.3654125,0.0,0.0,-0.1989675347273536,-0.0020777729190408684,0.0,0.0,-0.0792,1.1088000000000002,0.0792,0.0,0.0,-0.2,0.0,0.0,-0.1989675347273536,0.0,0.0,0.0,square,2,0.2,0.25,27,54,15.159975290298462,0.0
1779528344.3754175,0.0,0.0,-0.1989675347273536,0.0,0.0,0.0,0.0,1.1088000000000002,0.1188,0.0,0.0,-0.2,0.0,0.0,-0.1989675347273536,0.0,0.0,0.0,square,2,0.2,0.25,27,54,15.169970989227295,0.0
1779528344.385418,0.0,0.0,-0.1989675347273536,0.0,0.0,0.0,-0.0396,1.1880000000000002,0.1584,0.0,0.0,-0.2,0.0,0.0,-0.1989675347273536,0.0,0.0,0.0,square,2,0.2,0.25,27,54,15.179975986480713,0.0
1779528344.395418,0.0,0.0,-0.1989675347273536,0.0,0.0,0.0,0.0,1.2276,0.0396,0.0,0.0,-0.2,0.0,0.0,-0.1989675347273536,0.0020777729190408684,0.0,0.0,square,2,0.2,0.25,27,54,15.189976453781128,0.0
1779528344.4055607,0.0,0.0,-0.1989675347273536,0.0020777729190408684,0.0,0.0,-0.0396,1.2276,0.0792,0.0,0.0,-0.2,0.0,0.0,-0.1989675347273536,0.0020777729190408684,0.0,0.0,square,2,0.2,0.25,27,54,15.199976444244385,0.0
1779528344.4154642,0.0,0.0,-0.1989675347273536,0.0020777729190408684,0.0,0.0,-0.0396,1.2276,0.0792,0.0,0.0,-0.2,0.0,0.0,-0.1989675347273536,0.0,0.0,0.0,square,2,0.2,0.25,27,54,15.210119247436523,0.0
1779528344.4254122,0.0,0.0,-0.1989675347273536,0.0,0.0,0.0,-0.0792,1.1483999999999999,0.0,0.0,0.0,-0.2,0.0,0.0,-0.1989675347273536,0.0,0.0,0.0,square,2,0.2,0.25,27,54,15.220022678375244,0.0
1779528344.4354155,0.0,0.0,-0.1989675347273536,0.0,0.0,0.0,0.0,1.2276,0.1584,0.0,0.0,-0.2,0.0,0.0,-0.1989675347273536,0.0,0.0,0.0,square,2,0.2,0.25,27,54,15.229970693588257,0.0
1779528344.4454205,0.0,0.0,-0.1989675347273536,0.0,0.0,0.0,0.0,1.2276,0.1584,0.0,0.0,-0.2,0.0,0.0,-0.1989675347273536,0.0,-0.0020777729190408684,0.0,square,2,0.2,0.25,27,54,15.239974021911621,0.0
1779528344.4554107,0.0,0.0,-0.1989675347273536,0.0,-0.0020777729190408684,0.0,-0.0792,1.1088000000000002,0.1188,0.0,0.0,-0.2,0.0,0.0,-0.1989675347273536,0.0,0.0,0.0,square,2,0.2,0.25,27,54,15.249979019165039,0.0
1779528344.4654133,0.0,0.0,-0.1989675347273536,0.0,0.0,0.0,-0.0396,1.0692,0.0,0.0,0.0,-0.2,0.0,0.0,-0.1989675347273536,0.0,0.0,0.0,square,2,0.2,0.25,27,54,15.259969234466553,0.0
1779528344.4754279,0.0,0.0,-0.1989675347273536,0.0,0.0,0.0,0.0,1.1088000000000002,0.198,0.0,0.0,-0.2,0.0,0.0,-0.1989675347273536,0.0020777729190408684,0.0,0.0,square,2,0.2,0.25,27,54,15.26997184753418,0.0
1779528344.4854116,0.0,0.0,-0.1989675347273536,0.0020777729190408684,0.0,0.0,0.0,1.1483999999999999,0.1188,0.0,0.0,-0.2,0.0,0.0,-0.1989675347273536,0.0020777729190408684,0.0,0.0,square,2,0.2,0.25,27,54,15.279986381530762,0.0
1779528344.4954138,0.0,0.0,-0.1989675347273536,0.0020777729190408684,0.0,0.0,0.0,1.1483999999999999,0.1188,0.0,0.0,-0.2,0.0,0.0,-0.1989675347273536,0.0,0.0,0.0,square,2,0.2,0.25,27,54,15.28997015953064,0.0
1779528344.505417,0.0,0.0,-0.1989675347273536,0.0,0.0,0.0,-0.0792,1.0296,0.0,0.0,0.0,-0.2,0.0,0.0,-0.1989675347273536,0.0,0.0,0.0020777729190408684,square,2,0.2,0.25,27,54,15.299972295761108,0.0
1779528344.5154135,0.0,0.0,-0.1989675347273536,0.0,0.0,0.0020777729190408684,-0.0396,1.2276,0.198,0.0,0.0,-0.2,0.0,0.0,-0.1989675347273536,0.0020777729190408684,0.0,0.0,square,2,0.2,0.25,27,54,15.309975624084473,0.0
1779528344.525439,0.0,0.0,-0.1989675347273536,0.0020777729190408684,0.0,0.0,-0.0396,1.1088000000000002,0.1584,0.0,0.0,-0.2,0.0,0.0,-0.1989675347273536,0.0,0.0,0.0,square,2,0.2,0.25,27,54,15.319972038269043,0.0
1779528344.53541,0.0,0.0,-0.1989675347273536,0.0,0.0,0.0,-0.0396,1.2672,0.0792,0.0,0.0,-0.2,0.0,0.0,-0.1989675347273536,0.0,0.0,0.0,square,2,0.2,0.25,27,54,15.329997539520264,0.0
1779528344.5454164,0.0,0.0,-0.1989675347273536,0.0,0.0,0.0,-0.0396,1.2672,0.0792,0.0,0.0,-0.2,0.0,0.0,-0.1989675347273536,0.0,0.0,0.0,square,2,0.2,0.25,27,54,15.33996844291687,0.0
1779528344.555419,0.0,0.0,-0.1989675347273536,0.0,0.0,0.0,-0.0396,1.2672,0.0792,0.0,0.0,-0.2,0.0,0.0,-0.1989675347273536,0.0,0.0,0.0,square,2,0.2,0.25,27,54,15.349974870681763,0.0
1779528344.5654147,0.0,0.0,-0.1989675347273536,0.0,0.0,0.0,-0.0396,1.2672,0.0792,0.0,0.0,-0.2,0.0,0.0,-0.1989675347273536,0.0020777729190408684,0.0,0.0,square,2,0.2,0.25,27,54,15.35997748374939,0.0
1779528344.5755227,0.0,0.0,-0.1989675347273536,0.0020777729190408684,0.0,0.0,-0.0792,1.0296,0.0,0.0,0.0,-0.2,0.0,0.0,-0.1989675347273536,0.0020777729190408684,0.0,0.0,square,2,0.2,0.25,27,54,15.369973182678223,0.0
1779528344.5854194,0.0,0.0,-0.1989675347273536,0.0020777729190408684,0.0,0.0,-0.0792,1.0296,0.0,0.0,0.0,-0.2,0.0,0.0,-0.1989675347273536,0.0020777729190408684,0.0,0.0,square,2,0.2,0.25,27,54,15.380081176757812,0.0
1779528344.595409,0.0,0.0,-0.1989675347273536,0.0020777729190408684,0.0,0.0,0.0,1.1088000000000002,0.1188,0.0,0.0,-0.2,0.0,0.0,-0.1989675347273536,0.0020777729190408684,0.0,0.0,square,2,0.2,0.25,27,54,15.389977931976318,0.0
1779528344.6056082,0.0,0.0,-0.1989675347273536,0.0020777729190408684,0.0,0.0,0.0,1.1088000000000002,0.1188,0.0,0.0,-0.2,0.0,0.0,-0.1989675347273536,0.0,0.0,0.0,square,2,0.2,0.25,27,54,15.399967432022095,0.0
1779528344.6154144,0.0,0.0,-0.1989675347273536,0.0,0.0,0.0,-0.0792,1.1483999999999999,0.1188,0.0,0.0,-0.2,0.0,0.0,-0.1989675347273536,0.0,0.0,0.0,square,2,0.2,0.25,27,54,15.41016674041748,0.0
1779528344.6254113,0.0,0.0,-0.1989675347273536,0.0,0.0,0.0,0.0396,1.1880000000000002,0.1584,0.0,0.0,-0.2,0.0,0.0,-0.1989675347273536,-0.0020777729190408684,0.0,0.0,square,2,0.2,0.25,27,54,15.419972896575928,0.0
1779528344.6354182,0.0,0.0,-0.1989675347273536,-0.0020777729190408684,0.0,0.0,-0.0396,1.2276,0.0,0.0,0.0,-0.2,0.0,0.0,-0.1989675347273536,0.0,0.0,0.0,square,2,0.2,0.25,27,54,15.429969787597656,0.0
1779528344.6454132,0.0,0.0,-0.1989675347273536,0.0,0.0,0.0,-0.0792,1.1880000000000002,0.1188,0.0,0.0,-0.2,0.0,0.0,-0.1989675347273536,0.0,0.0,0.0,square,2,0.2,0.25,27,54,15.439976692199707,0.0
1779528344.6554148,0.0,0.0,-0.1989675347273536,0.0,0.0,0.0,-0.0396,1.0692,0.0396,0.0,0.0,-0.2,0.0,0.0,-0.1989675347273536,0.0,0.0,0.0,square,2,0.2,0.25,27,54,15.449971675872803,0.0
1779528344.6654143,0.0,0.0,-0.1989675347273536,0.0,0.0,0.0,0.0,1.2276,0.1584,0.0,0.0,-0.2,0.0,0.0,-0.1989675347273536,0.0,0.0,0.0020777729190408684,square,2,0.2,0.25,27,54,15.459973335266113,0.0
1779528344.6754143,0.0,0.0,-0.1989675347273536,0.0,0.0,0.0020777729190408684,-0.0396,1.2276,0.0396,0.0,0.0,-0.2,0.0,0.0,-0.1989675347273536,0.0,0.0020777729190408684,0.0,square,2,0.2,0.25,27,54,15.469972848892212,0.0
1779528344.6854165,0.0,0.0,-0.1989675347273536,0.0,0.0020777729190408684,0.0,0.0,1.2276,0.0792,0.0,0.0,-0.2,0.0,0.0,-0.1989675347273536,0.0,0.0,0.0,square,2,0.2,0.25,27,54,15.479972839355469,0.0
1779528344.6953835,0.0,0.0,-0.1989675347273536,0.0,0.0,0.0,-0.0396,1.2276,0.0,0.0,0.0,-0.2,0.0,0.0,-0.1989675347273536,0.0020777729190408684,0.0,0.0,square,2,0.2,0.25,27,54,15.489974975585938,0.0
1779528344.7054164,0.0,0.0,-0.1989675347273536,0.0020777729190408684,0.0,0.0,-0.0792,1.0692,0.0,0.0,0.0,-0.2,0.0,0.0,-0.1989675347273536,0.0,0.0,0.0,square,2,0.2,0.25,27,54,15.499942064285278,0.0
1779528344.715426,0.0,0.0,-0.1989675347273536,0.0,0.0,0.0,-0.0396,1.1880000000000002,0.1188,0.0,0.0,-0.2,0.0,0.0,-0.1989675347273536,0.0,0.0,0.0,square,2,0.2,0.25,27,54,15.509974956512451,0.0
1779528344.7254133,0.0,0.0,-0.1989675347273536,0.0,0.0,0.0,-0.0792,1.1483999999999999,0.1188,0.0,0.0,-0.2,0.0,0.0,-0.1989675347273536,-0.0020777729190408684,0.0,0.0,square,2,0.2,0.25,27,54,15.519984483718872,0.0
1779528344.7354128,0.0,0.0,-0.1989675347273536,-0.0020777729190408684,0.0,0.0,-0.0396,1.1483999999999999,0.0792,0.0,0.0,-0.2,0.0,0.0,-0.1989675347273536,0.0,0.0,0.0,square,2,0.2,0.25,27,54,15.529971837997437,0.0
1779528344.745415,0.0,0.0,-0.1989675347273536,0.0,0.0,0.0,-0.0396,1.2276,0.0,0.0,0.0,-0.2,0.0,0.0,-0.1989675347273536,0.0,0.0,0.0,square,2,0.2,0.25,27,54,15.539971351623535,0.0
1779528344.7554214,0.0,0.0,-0.1989675347273536,0.0,0.0,0.0,0.0,1.1880000000000002,0.0,0.0,0.0,-0.2,0.0,0.0,-0.1989675347273536,0.0,0.0,0.0,square,2,0.2,0.25,27,54,15.549973487854004,0.0
1779528344.765414,0.0,0.0,-0.1989675347273536,0.0,0.0,0.0,-0.0396,1.2672,0.0792,0.0,0.0,-0.2,0.0,0.0,-0.1989675347273536,0.0,0.0,0.0,square,2,0.2,0.25,27,54,15.559979915618896,0.0
1779528344.7754142,0.0,0.0,-0.1989675347273536,0.0,0.0,0.0,-0.0396,1.0296,0.0,0.0,0.0,-0.2,0.0,0.0,-0.1989675347273536,0.0,0.0,0.0,square,2,0.2,0.25,27,54,15.569972515106201,0.0
1779528344.7854192,0.0,0.0,-0.1989675347273536,0.0,0.0,0.0,-0.1188,1.1088000000000002,-0.0396,0.0,0.0,-0.2,0.0,0.0,-0.1989675347273536,0.0,0.0020777729190408684,0.0,square,2,0.2,0.25,27,54,15.579972743988037,0.0
1779528344.7954125,0.0,0.0,-0.1989675347273536,0.0,0.0020777729190408684,0.0,-0.0792,1.1880000000000002,0.0792,0.0,0.0,-0.2,0.0,0.0,-0.1989675347273536,0.0,0.0,0.0,square,2,0.2,0.25,27,54,15.589977741241455,0.0
1779528344.805427,0.0,0.0,-0.1989675347273536,0.0,0.0,0.0,-0.0396,1.2672,0.0,0.0,0.0,-0.2,0.0,0.0,-0.1989675347273536,0.0,0.0,0.0,square,2,0.2,0.25,27,54,15.599971055984497,0.0
1779528344.8154166,0.0,0.0,-0.1989675347273536,0.0,0.0,0.0,-0.0396,1.2672,0.0,0.0,0.0,-0.2,0.0,0.0,-0.1989675347273536,0.0,-0.0020777729190408684,0.0020777729190408684,square,2,0.2,0.25,27,54,15.609985589981079,0.0
1779528344.8254135,0.0,0.0,-0.1989675347273536,0.0,-0.0020777729190408684,0.0020777729190408684,-0.0396,1.1483999999999999,0.1188,0.0,0.0,-0.2,0.0,0.0,-0.1989675347273536,0.0,0.0,0.0,square,2,0.2,0.25,27,54,15.619975090026855,0.0
1779528344.8354177,0.0,0.0,-0.1989675347273536,0.0,0.0,0.0,0.0,1.1088000000000002,0.0396,0.0,0.0,-0.2,0.0,0.0,-0.1989675347273536,0.0,0.0,0.0,square,2,0.2,0.25,27,54,15.629971981048584,0.0
1779528344.8454187,0.0,0.0,-0.1989675347273536,0.0,0.0,0.0,0.0,1.1088000000000002,0.0396,0.0,0.0,-0.2,0.0,0.0,-0.1989675347273536,0.0,0.0,0.0,square,2,0.2,0.25,27,54,15.639976263046265,0.0
1779528344.8554144,0.0,0.0,-0.1989675347273536,0.0,0.0,0.0,0.0792,1.1880000000000002,0.0396,0.0,0.0,-0.2,0.0,0.0,-0.1989675347273536,0.0,0.0,0.0,square,2,0.2,0.25,27,54,15.649977207183838,0.0
1779528344.8654337,0.0,0.0,-0.1989675347273536,0.0,0.0,0.0,-0.0792,1.1880000000000002,0.0,0.0,0.0,-0.2,0.0,0.0,-0.1989675347273536,-0.0020777729190408684,0.0,0.0,square,2,0.2,0.25,27,54,15.659972906112671,0.0
1779528344.8754144,0.0,0.0,-0.1989675347273536,-0.0020777729190408684,0.0,0.0,-0.0396,1.0692,0.0,0.0,0.0,-0.2,0.0,0.0,-0.1989675347273536,-0.0020777729190408684,0.0,0.0,square,2,0.2,0.25,27,54,15.669992208480835,0.0
1779528344.885413,0.0,0.0,-0.1989675347273536,-0.0020777729190408684,0.0,0.0,-0.0396,1.1880000000000002,-0.1188,0.0,0.0,-0.2,0.0,0.0,-0.1989675347273536,0.0,0.0,0.0,square,2,0.2,0.25,27,54,15.679972887039185,0.0
1779528344.8954153,0.0,0.0,-0.1989675347273536,0.0,0.0,0.0,0.0396,1.2672,0.0792,0.0,0.0,-0.2,0.0,0.0,-0.1989675347273536,0.0,0.0,0.0020777729190408684,square,2,0.2,0.25,27,54,15.689971446990967,0.0
1779528344.9054155,0.0,0.0,-0.1989675347273536,0.0,0.0,0.0020777729190408684,-0.0792,1.2276,0.1584,0.0,0.0,-0.2,0.0,0.0,-0.1989675347273536,0.0,0.0,0.0,square,2,0.2,0.25,27,54,15.699973821640015,0.0
1779528344.9154143,0.0,0.0,-0.1989675347273536,0.0,0.0,0.0,-0.0396,1.3068,0.0792,0.0,0.0,-0.2,0.0,0.0,-0.1989675347273536,0.0,0.0,0.0,square,2,0.2,0.25,27,54,15.70997405052185,0.0
1779528344.9254153,0.0,0.0,-0.1989675347273536,0.0,0.0,0.0,-0.0396,1.2276,0.0792,0.0,0.0,-0.2,0.0,0.0,-0.1989675347273536,0.0,-0.0020777729190408684,-0.0020777729190408684,square,2,0.2,0.25,27,54,15.719972848892212,0.0
1779528344.9354134,0.0,0.0,-0.1989675347273536,0.0,-0.0020777729190408684,-0.0020777729190408684,0.0,1.1880000000000002,0.0,0.0,0.0,-0.2,0.0,0.0,-0.1989675347273536,-0.0020777729190408684,0.0,0.0,square,2,0.2,0.25,27,54,15.729973793029785,0.0
1779528344.9454505,0.0,0.0,-0.1989675347273536,-0.0020777729190408684,0.0,0.0,-0.0396,1.1880000000000002,0.0,0.0,0.0,-0.2,0.0,0.0,-0.1989675347273536,0.0,0.0,0.0,square,2,0.2,0.25,27,54,15.73997187614441,0.0
1779528344.9554136,0.0,0.0,-0.1989675347273536,0.0,0.0,0.0,0.0,1.0692,0.0396,0.0,0.0,-0.2,0.0,0.0,-0.1989675347273536,0.0,0.0,0.0,square,2,0.2,0.25,27,54,15.750009059906006,0.0
1779528344.9654322,0.0,0.0,-0.1989675347273536,0.0,0.0,0.0,-0.0396,1.1880000000000002,0.0396,0.0,0.0,-0.2,0.0,0.0,-0.1989675347273536,0.0,0.0,0.0,square,2,0.2,0.25,27,54,15.759972095489502,0.0
1779528344.9754739,0.0,0.0,-0.1989675347273536,0.0,0.0,0.0,-0.0396,1.1880000000000002,0.0792,0.0,0.0,-0.2,0.0,0.0,-0.1989675347273536,-0.0020777729190408684,0.0,0.0,square,2,0.2,0.25,27,54,15.769990682601929,0.0
1779528344.9854171,0.0,0.0,-0.1989675347273536,-0.0020777729190408684,0.0,0.0,-0.1188,1.0692,0.0,0.0,0.0,-0.2,0.0,0.0,-0.1989675347273536,0.0,0.0,0.0020777729190408684,square,2,0.2,0.25,27,54,15.780032396316528,0.0
1779528344.9954612,0.0,0.0,-0.1989675347273536,0.0,0.0,0.0020777729190408684,-0.0396,1.2276,0.0,0.0,0.0,-0.2,0.0,0.0,-0.1989675347273536,0.0,0.0,0.0,square,2,0.2,0.25,27,54,15.789975643157959,0.0
1779528345.005434,0.0,0.0,-0.1989675347273536,0.0,0.0,0.0,-0.0396,1.1088000000000002,0.0,0.0,0.0,-0.2,0.0,0.0,-0.1989675347273536,0.0,0.0,0.0,square,2,0.2,0.25,27,54,15.80001974105835,0.0
1779528345.015418,0.0,0.0,-0.1989675347273536,0.0,0.0,0.0,0.0,1.2276,0.0792,0.0,0.0,-0.2,0.0,0.0,-0.1989675347273536,0.0020777729190408684,0.0,-0.0020777729190408684,square,2,0.2,0.25,27,54,15.809992551803589,0.0
1779528345.0254152,0.0,0.0,-0.1989675347273536,0.0020777729190408684,0.0,-0.0020777729190408684,0.0792,1.0692,0.0,0.0,0.0,-0.2,0.0,0.0,-0.1989675347273536,0.0,0.0020777729190408684,0.0,square,2,0.2,0.25,27,54,15.819976568222046,0.0
1779528345.0354292,0.0,0.0,-0.1989675347273536,0.0,0.0020777729190408684,0.0,-0.1188,1.2276,-0.0396,0.0,0.0,-0.2,0.0,0.0,-0.1989675347273536,0.0,0.0,0.0,square,2,0.2,0.25,27,54,15.829973697662354,0.0
1779528345.0454197,0.0,0.0,-0.1989675347273536,0.0,0.0,0.0,-0.0792,1.1088000000000002,0.1584,0.0,0.0,-0.2,0.0,0.0,-0.1989675347273536,0.0,0.0,0.0,square,2,0.2,0.25,27,54,15.839987754821777,0.0
1779528345.0554166,0.0,0.0,-0.1989675347273536,0.0,0.0,0.0,-0.0792,1.1088000000000002,0.1584,0.0,0.0,-0.2,0.0,0.0,-0.1989675347273536,0.0,0.0,0.0,square,2,0.2,0.25,27,54,15.84997820854187,0.0
1779528345.0654142,0.0,0.0,-0.1989675347273536,0.0,0.0,0.0,-0.0792,1.0692,0.0,0.0,0.0,-0.2,0.0,0.0,-0.1989675347273536,0.0,0.0,0.0,square,2,0.2,0.25,27,54,15.859975099563599,0.0
1779528345.0754259,0.0,0.0,-0.1989675347273536,0.0,0.0,0.0,-0.0396,1.2276,0.0,0.0,0.0,-0.2,0.0,0.0,-0.1989675347273536,0.0,0.0,0.0,square,2,0.2,0.25,27,54,15.869972705841064,0.0
1779528345.0854142,0.0,0.0,-0.1989675347273536,0.0,0.0,0.0,-0.1188,1.1088000000000002,0.0792,0.0,0.0,-0.2,0.0,0.0,-0.1989675347273536,-0.0020777729190408684,0.0,0.0,square,2,0.2,0.25,27,54,15.879984378814697,0.0
1779528345.0954509,0.0,0.0,-0.1989675347273536,-0.0020777729190408684,0.0,0.0,-0.0396,1.1483999999999999,-0.0396,0.0,0.0,-0.2,0.0,0.0,-0.1989675347273536,0.0,0.0,0.0,square,2,0.2,0.25,27,54,15.889972686767578,0.0
1779528345.1054182,0.0,0.0,-0.1989675347273536,0.0,0.0,0.0,-0.0396,1.0296,0.0396,0.0,0.0,-0.2,0.0,0.0,-0.1989675347273536,0.0,0.0,0.0020777729190408684,square,2,0.2,0.25,27,54,15.900009393692017,0.0
1779528345.1154144,0.0,0.0,-0.1989675347273536,0.0,0.0,0.0020777729190408684,-0.0792,1.1483999999999999,0.0,0.0,0.0,-0.2,0.0,0.0,-0.1989675347273536,0.0,-0.0020777729190408684,0.0,square,2,0.2,0.25,27,54,15.909976720809937,0.0
1779528345.1254284,0.0,0.0,-0.1989675347273536,0.0,-0.0020777729190408684,0.0,-0.0396,1.1483999999999999,-0.0396,0.0,0.0,-0.2,0.0,0.0,-0.1989675347273536,0.0,0.0,0.0,square,2,0.2,0.25,27,54,15.919972896575928,0.0
1779528345.1354146,0.0,0.0,-0.1989675347273536,0.0,0.0,0.0,0.0,1.1483999999999999,0.0,0.0,0.0,-0.2,0.0,0.0,-0.1989675347273536,0.0,0.0,0.0,square,2,0.2,0.25,27,54,15.929986953735352,0.0
1779528345.145418,0.0,0.0,-0.1989675347273536,0.0,0.0,0.0,-0.0396,1.2276,0.0,0.0,0.0,-0.2,0.0,0.0,-0.1989675347273536,0.0,0.0,-0.0020777729190408684,square,2,0.2,0.25,27,54,15.93997311592102,0.0
1779528345.155413,0.0,0.0,-0.1989675347273536,0.0,0.0,-0.0020777729190408684,-0.0396,1.2276,-0.0396,0.0,0.0,-0.2,0.0,0.0,-0.1989675347273536,0.0,0.0,0.0,square,2,0.2,0.25,27,54,15.949976444244385,0.0
1779528345.1654148,0.0,0.0,-0.1989675347273536,0.0,0.0,0.0,-0.0396,1.1088000000000002,-0.0792,0.0,0.0,-0.2,0.0,0.0,-0.1989675347273536,0.0,0.0,0.0,square,2,0.2,0.25,27,54,15.95997142791748,0.0
1779528345.1754344,0.0,0.0,-0.1989675347273536,0.0,0.0,0.0,-0.0792,1.2276,0.0,0.0,0.0,-0.2,0.0,0.0,-0.1989675347273536,0.0020777729190408684,0.0020777729190408684,0.0,square,2,0.2,0.25,27,54,15.96997332572937,0.0
1779528345.1854138,0.0,0.0,-0.1989675347273536,0.0020777729190408684,0.0020777729190408684,0.0,-0.0792,1.0692,-0.0396,0.0,0.0,-0.2,0.0,0.0,-0.1989675347273536,0.0,0.0,0.0,square,2,0.2,0.25,27,54,15.979992866516113,0.0
1779528345.195384,0.0,0.0,-0.1989675347273536,0.0,0.0,0.0,-0.0792,1.2276,0.0,0.0,0.0,-0.2,0.0,0.0,-0.1989675347273536,0.0,0.0,0.0,square,2,0.2,0.25,27,54,15.989972352981567,0.0
1779528345.2055457,0.0,0.0,-0.1989675347273536,0.0,0.0,0.0,-0.1188,1.1880000000000002,0.0396,0.0,0.0,-0.2,0.0,0.0,-0.1989675347273536,0.0,0.0,0.0,square,2,0.2,0.25,27,54,15.999942541122437,0.0
1779528345.2157984,0.0,0.0,-0.1989675347273536,0.0,0.0,0.0,-0.1188,1.1880000000000002,0.0396,0.0,0.0,0.2,0.0,0.0,-0.1989675347273536,0.0,0.0020777729190408684,0.0,square,2,0.2,0.25,27,54,16.010104179382324,0.0
1779528345.2255201,0.0,0.0,-0.1989675347273536,0.0,0.0020777729190408684,0.0,-0.0792,1.1483999999999999,0.0,0.0,0.0,0.2,0.0,0.0,-0.1989675347273536,0.0,0.0020777729190408684,0.0,square,2,0.2,0.25,27,54,16.02035689353943,0.0
1779528345.2354243,0.0,0.0,-0.1989675347273536,0.0,0.0020777729190408684,0.0,-0.0792,1.1483999999999999,0.0,0.0,0.0,0.2,0.0,0.0,-0.1989675347273536,0.0,0.0,0.004155545838081737,square,2,0.2,0.25,27,54,16.030078649520874,0.0
1779528345.24555,0.0,0.0,-0.1989675347273536,0.0,0.0,0.004155545838081737,-0.0792,0.9504,4.395600000000001,0.0,0.0,0.2,0.0,0.0,-0.1989675347273536,0.0,0.0,0.004155545838081737,square,2,0.2,0.25,27,54,16.039982795715332,0.0
1779528345.2554154,0.0,0.0,-0.1989675347273536,0.0,0.0,0.004155545838081737,-0.0792,0.9504,4.395600000000001,0.0,0.0,0.2,0.0,0.0,-0.1518436449235067,0.0,0.004155545838081737,2.8174600782194177,square,2,0.2,0.25,27,54,16.050108432769775,0.0
1779528345.2654214,0.0,0.0,-0.1518436449235067,0.0,0.004155545838081737,2.8174600782194177,0.0792,0.8712,6.0984,0.0,0.0,0.2,0.0,0.0,-0.10821041362364843,0.0020777729190408684,0.0,4.032957235858325,square,2,0.2,0.25,27,54,16.05997395515442,0.0
1779528345.2754166,0.0,0.0,-0.10821041362364843,0.0020777729190408684,0.0,4.032957235858325,0.0792,1.1483999999999999,0.4752,0.0,0.0,0.2,0.0,0.0,-0.061086523819801536,-0.0020777729190408684,0.0,4.585644832323196,square,2,0.2,0.25,27,54,16.069979906082153,0.0
1779528345.2854393,0.0,0.0,-0.061086523819801536,-0.0020777729190408684,0.0,4.585644832323196,-0.27720000000000006,1.0692,-0.4356,0.0,0.0,0.2,0.0,0.0,-0.015707963267948967,0.0,0.0,4.477600640533072,square,2,0.2,0.25,27,54,16.079975128173828,0.0
1779528345.295387,0.0,0.0,-0.015707963267948967,0.0,0.0,4.477600640533072,0.0,1.2276,-2.6532,0.0,0.0,0.2,0.0,0.0,0.019198621771937627,0.0,0.0,3.821024398116157,square,2,0.2,0.25,27,54,16.0899977684021,0.0
1779528345.3056395,0.0,0.0,0.019198621771937627,0.0,0.0,3.821024398116157,0.0396,1.2672,-0.396,0.0,0.0,0.2,0.0,0.0,0.019198621771937627,0.0,0.0,3.821024398116157,square,2,0.2,0.25,27,54,16.099945545196533,0.0
1779528345.315418,0.0,0.0,0.019198621771937627,0.0,0.0,3.821024398116157,0.0396,1.2672,-0.396,0.0,0.0,0.2,0.0,0.0,0.07853981633974483,0.004155545838081737,0.0,2.809148986543254,square,2,0.2,0.25,27,54,16.11019802093506,0.0
1779528345.325414,0.0,0.0,0.07853981633974483,0.004155545838081737,0.0,2.809148986543254,0.0792,1.0692,-1.3068,0.0,0.0,0.2,0.0,0.0,0.10122909661567113,0.0020777729190408684,0.0,2.3437278526780996,square,2,0.2,0.25,27,54,16.11997652053833,0.0
1779528345.3354194,0.0,0.0,0.10122909661567113,0.0020777729190408684,0.0,2.3437278526780996,0.0792,1.2276,0.0792,0.0,0.0,0.2,0.0,0.0,0.11868238913561442,-0.0020777729190408684,0.0,1.9614176355745798,square,2,0.2,0.25,27,54,16.129972457885742,0.0
1779528345.3454158,0.0,0.0,0.11868238913561442,-0.0020777729190408684,0.0,1.9614176355745798,-0.0396,1.2672,-0.396,0.0,0.0,0.2,0.0,0.0,0.1343903524035634,0.0,0.0,1.6248184226899591,square,2,0.2,0.25,27,54,16.13997793197632,0.0
1779528345.355414,0.0,0.0,0.1343903524035634,0.0,0.0,1.6248184226899591,-0.0396,1.1880000000000002,0.0,0.0,0.0,0.2,0.0,0.0,0.1466076571675237,0.0,0.0,1.3443190786194419,square,2,0.2,0.25,27,54,16.14997434616089,0.0
1779528345.3654165,0.0,0.0,0.1466076571675237,0.0,0.0,1.3443190786194419,-0.0396,1.3860000000000001,0.0396,0.0,0.0,0.2,0.0,0.0,0.15707963267948966,-0.0020777729190408684,0.0,1.1074529658487828,square,2,0.2,0.25,27,54,16.159972429275513,0.0
1779528345.3754146,0.0,0.0,0.15707963267948966,-0.0020777729190408684,0.0,1.1074529658487828,0.0,1.2276,0.1584,0.0,0.0,0.2,0.0,0.0,0.1658062789394613,-0.0020777729190408684,0.0,0.899675673944696,square,2,0.2,0.25,27,54,16.16997504234314,0.0
1779528345.3854146,0.0,0.0,0.1658062789394613,-0.0020777729190408684,0.0,0.899675673944696,-0.0396,1.3068,0.1584,0.0,0.0,0.2,0.0,0.0,0.17278759594743864,0.0,0.0,0.7292982945833448,square,2,0.2,0.25,27,54,16.179973125457764,0.0
1779528345.395417,0.0,0.0,0.17278759594743864,0.0,0.0,0.7292982945833448,-0.0396,1.4255999999999998,-0.1188,0.0,0.0,0.2,0.0,0.0,0.17802358370342164,0.0,0.0,0.5900875090076066,square,2,0.2,0.25,27,54,16.18997311592102,0.0
1779528345.4055357,0.0,0.0,0.17802358370342164,0.0,0.0,0.5900875090076066,-0.0396,1.3464,0.27720000000000006,0.0,0.0,0.2,0.0,0.0,0.1832595714594046,0.0,0.0,0.4758099984603589,square,2,0.2,0.25,27,54,16.19997549057007,0.0
1779528345.4154105,0.0,0.0,0.1832595714594046,0.0,0.0,0.4758099984603589,-0.0396,1.4652,0.3168,0.0,0.0,0.2,0.0,0.0,0.1867502299633933,0.0,0.0,0.38231021710351976,square,2,0.2,0.25,27,54,16.210094213485718,0.0
1779528345.4254134,0.0,0.0,0.1867502299633933,0.0,0.0,0.38231021710351976,-0.0792,1.3860000000000001,-0.1188,0.0,0.0,0.2,0.0,0.0,0.19024088846738194,0.0,0.0,0.3012770732609259,square,2,0.2,0.25,27,54,16.219969034194946,0.0
1779528345.4354188,0.0,0.0,0.19024088846738194,0.0,0.0,0.3012770732609259,0.198,1.4255999999999998,0.1188,0.0,0.0,0.2,0.0,0.0,0.19198621771937624,-0.0020777729190408684,0.0,0.23894388568969988,square,2,0.2,0.25,27,54,16.229971885681152,0.0
1779528345.4454143,0.0,0.0,0.19198621771937624,-0.0020777729190408684,0.0,0.23894388568969988,-0.1188,1.3860000000000001,0.3168,0.0,0.0,0.2,0.0,0.0,0.1937315469713706,0.0,0.0,0.19531065438984163,square,2,0.2,0.25,27,54,16.23997735977173,0.0
1779528345.4554167,0.0,0.0,0.1937315469713706,0.0,0.0,0.19531065438984163,-0.1188,1.3068,0.198,0.0,0.0,0.2,0.0,0.0,0.1954768762233649,-0.0020777729190408684,0.0,0.14752187725190166,square,2,0.2,0.25,27,54,16.249972820281982,0.0
1779528345.4654155,0.0,0.0,0.1954768762233649,-0.0020777729190408684,0.0,0.14752187725190166,-0.0792,1.4255999999999998,0.4752,0.0,0.0,0.2,0.0,0.0,0.1954768762233649,0.0,0.0,0.1121997376282069,square,2,0.2,0.25,27,54,16.25997519493103,0.0
1779528345.4754138,0.0,0.0,0.1954768762233649,0.0,0.0,0.1121997376282069,-0.0792,1.5048000000000001,0.7127999999999999,0.0,0.0,0.2,0.0,0.0,0.19722220547535924,0.0,0.0,0.08311091676163473,square,2,0.2,0.25,27,54,16.26997399330139,0.0
1779528345.485415,0.0,0.0,0.19722220547535924,0.0,0.0,0.08311091676163473,-0.0396,1.5048000000000001,0.6336,0.0,0.0,0.2,0.0,0.0,0.19722220547535924,0.0020777729190408684,0.0,0.05194432297602171,square,2,0.2,0.25,27,54,16.279972314834595,0.0
1779528345.4954147,0.0,0.0,0.19722220547535924,0.0020777729190408684,0.0,0.05194432297602171,-0.0396,1.4652,1.0296,0.0,0.0,0.2,0.0,0.0,0.19722220547535924,0.0,0.0,0.06233318757122605,square,2,0.2,0.25,27,54,16.289973497390747,0.0
1779528345.505415,0.0,0.0,0.19722220547535924,0.0,0.0,0.06233318757122605,-0.0792,1.4652,0.1188,0.0,0.0,0.2,0.0,0.0,0.1989675347273536,0.0,0.0,0.031166593785613025,square,2,0.2,0.25,27,54,16.299973249435425,0.0
1779528345.5154152,0.0,0.0,0.1989675347273536,0.0,0.0,0.031166593785613025,-0.0396,1.5048000000000001,0.6336,0.0,0.0,0.2,0.0,0.0,0.1989675347273536,0.0,0.0,0.03739991254273563,square,2,0.2,0.25,27,54,16.30997347831726,0.0
1779528345.5254147,0.0,0.0,0.1989675347273536,0.0,0.0,0.03739991254273563,0.0,1.4255999999999998,0.1188,0.0,0.0,0.2,0.0,0.0,0.1989675347273536,0.0,0.0,0.02493327502849042,square,2,0.2,0.25,27,54,16.319973707199097,0.0
1779528345.5354145,0.0,0.0,0.1989675347273536,0.0,0.0,0.02493327502849042,-0.0792,1.3860000000000001,0.1188,0.0,0.0,0.2,0.0,0.0,0.1989675347273536,0.0,-0.0020777729190408684,0.016622183352326948,square,2,0.2,0.25,27,54,16.329973220825195,0.0
1779528345.5454183,0.0,0.0,0.1989675347273536,0.0,-0.0020777729190408684,0.016622183352326948,-0.0396,1.3464,0.0792,0.0,0.0,0.2,0.0,0.0,0.1989675347273536,0.0,0.0,0.008311091676163474,square,2,0.2,0.25,27,54,16.339972972869873,0.0
1779528345.5554173,0.0,0.0,0.1989675347273536,0.0,0.0,0.008311091676163474,-0.0396,1.5048000000000001,0.198,0.0,0.0,0.2,0.0,0.0,0.1989675347273536,-0.0020777729190408684,0.0,0.004155545838081737,square,2,0.2,0.25,27,54,16.349976778030396,0.0
1779528345.5654144,0.0,0.0,0.1989675347273536,-0.0020777729190408684,0.0,0.004155545838081737,0.0,1.3860000000000001,0.1584,0.0,0.0,0.2,0.0,0.0,0.1989675347273536,-0.004155545838081737,0.0,0.0020777729190408684,square,2,0.2,0.25,27,54,16.359975814819336,0.0
1779528345.575417,0.0,0.0,0.1989675347273536,-0.004155545838081737,0.0,0.0020777729190408684,-0.0396,1.3860000000000001,0.1584,0.0,0.0,0.2,0.0,0.0,0.1989675347273536,0.0,0.0,0.0020777729190408684,square,2,0.2,0.25,27,54,16.369972944259644,0.0
1779528345.5854166,0.0,0.0,0.1989675347273536,0.0,0.0,0.0020777729190408684,-0.0396,1.5444,0.1188,0.0,0.0,0.2,0.0,0.0,0.1989675347273536,0.0,0.0,0.0,square,2,0.2,0.25,27,54,16.37997555732727,0.0
1779528345.5954127,0.0,0.0,0.1989675347273536,0.0,0.0,0.0,-0.0396,1.584,0.1584,0.0,0.0,0.2,0.0,0.0,0.1989675347273536,0.0020777729190408684,0.0,0.0,square,2,0.2,0.25,27,54,16.38997507095337,0.0
1779528345.6053839,0.0,0.0,0.1989675347273536,0.0020777729190408684,0.0,0.0,-0.0396,1.4255999999999998,0.1188,0.0,0.0,0.2,0.0,0.0,0.1989675347273536,0.0,0.0,0.0,square,2,0.2,0.25,27,54,16.39997124671936,0.0
1779528345.6154132,0.0,0.0,0.1989675347273536,0.0,0.0,0.0,0.0792,1.4255999999999998,0.198,0.0,0.0,0.2,0.0,0.0,0.1989675347273536,0.0,0.0,0.0,square,2,0.2,0.25,27,54,16.409942388534546,0.0
1779528345.6254175,0.0,0.0,0.1989675347273536,0.0,0.0,0.0,0.0792,1.4255999999999998,0.198,0.0,0.0,0.2,0.0,0.0,0.1989675347273536,0.0,-0.0020777729190408684,0.0,square,2,0.2,0.25,27,54,16.419971704483032,0.0
1779528345.6354141,0.0,0.0,0.1989675347273536,0.0,-0.0020777729190408684,0.0,-0.0792,1.5048000000000001,0.0792,0.0,0.0,0.2,0.0,0.0,0.1989675347273536,-0.004155545838081737,0.0,0.0,square,2,0.2,0.25,27,54,16.429975986480713,0.0
1779528345.6454222,0.0,0.0,0.1989675347273536,-0.004155545838081737,0.0,0.0,-0.0396,1.4652,0.0,0.0,0.0,0.2,0.0,0.0,0.1989675347273536,0.0,0.0,0.0,square,2,0.2,0.25,27,54,16.439972639083862,0.0
1779528345.6554165,0.0,0.0,0.1989675347273536,0.0,0.0,0.0,0.0792,1.5048000000000001,0.0396,0.0,0.0,0.2,0.0,0.0,0.1989675347273536,0.0,0.0,0.0,square,2,0.2,0.25,27,54,16.44998073577881,0.0
1779528345.6654177,0.0,0.0,0.1989675347273536,0.0,0.0,0.0,0.0,1.4652,-0.0792,0.0,0.0,0.2,0.0,0.0,0.1989675347273536,-0.0020777729190408684,0.0,0.0,square,2,0.2,0.25,27,54,16.459975004196167,0.0
1779528345.6754575,0.0,0.0,0.1989675347273536,-0.0020777729190408684,0.0,0.0,0.0,1.584,0.0,0.0,0.0,0.2,0.0,0.0,0.1989675347273536,0.0,0.0,0.0,square,2,0.2,0.25,27,54,16.46997618675232,0.0
1779528345.685427,0.0,0.0,0.1989675347273536,0.0,0.0,0.0,0.0,1.6236000000000002,-0.1188,0.0,0.0,0.2,0.0,0.0,0.1989675347273536,0.0,0.0,0.0,square,2,0.2,0.25,27,54,16.480015993118286,0.0
1779528345.6954172,0.0,0.0,0.1989675347273536,0.0,0.0,0.0,0.0,1.5444,-0.0396,0.0,0.0,0.2,0.0,0.0,0.1989675347273536,0.0,0.0,0.0,square,2,0.2,0.25,27,54,16.489985466003418,0.0
1779528345.7054176,0.0,0.0,0.1989675347273536,0.0,0.0,0.0,-0.0396,1.5048000000000001,0.0,0.0,0.0,0.2,0.0,0.0,0.1989675347273536,0.0020777729190408684,0.0,0.0,square,2,0.2,0.25,27,54,16.49997568130493,0.0
1779528345.7154176,0.0,0.0,0.1989675347273536,0.0020777729190408684,0.0,0.0,-0.0792,1.6236000000000002,0.0396,0.0,0.0,0.2,0.0,0.0,0.1989675347273536,0.0020777729190408684,0.0,0.0,square,2,0.2,0.25,27,54,16.509976148605347,0.0
1779528345.7256198,0.0,0.0,0.1989675347273536,0.0020777729190408684,0.0,0.0,0.1584,1.5444,-0.0396,0.0,0.0,0.2,0.0,0.0,0.1989675347273536,0.0,0.0,0.0,square,2,0.2,0.25,27,54,16.519976139068604,0.0
1779528345.7354167,0.0,0.0,0.1989675347273536,0.0,0.0,0.0,-0.0396,1.584,0.0,0.0,0.0,0.2,0.0,0.0,0.1989675347273536,0.0,0.0,0.0,square,2,0.2,0.25,27,54,16.53017830848694,0.0
1779528345.745417,0.0,0.0,0.1989675347273536,0.0,0.0,0.0,-0.1188,1.584,0.0,0.0,0.0,0.2,0.0,0.0,0.1989675347273536,0.0020777729190408684,0.0,0.0020777729190408684,square,2,0.2,0.25,27,54,16.5399751663208,0.0
1779528345.755441,0.0,0.0,0.1989675347273536,0.0020777729190408684,0.0,0.0020777729190408684,-0.1188,1.584,0.1188,0.0,0.0,0.2,0.0,0.0,0.1989675347273536,0.0,0.0,0.0,square,2,0.2,0.25,27,54,16.549975633621216,0.0
1779528345.765466,0.0,0.0,0.1989675347273536,0.0,0.0,0.0,-0.0792,1.584,0.0396,0.0,0.0,0.2,0.0,0.0,0.1989675347273536,-0.0020777729190408684,0.0,0.0,square,2,0.2,0.25,27,54,16.559999465942383,0.0
1779528345.775418,0.0,0.0,0.1989675347273536,-0.0020777729190408684,0.0,0.0,0.0396,1.7028,0.1188,0.0,0.0,0.2,0.0,0.0,0.1989675347273536,0.0,0.0,-0.0020777729190408684,square,2,0.2,0.25,27,54,16.570024490356445,0.0
1779528345.7854512,0.0,0.0,0.1989675347273536,0.0,0.0,-0.0020777729190408684,0.0396,1.5048000000000001,0.0396,0.0,0.0,0.2,0.0,0.0,0.1989675347273536,0.0,-0.0020777729190408684,-0.0020777729190408684,square,2,0.2,0.25,27,54,16.579976558685303,0.0
1779528345.795413,0.0,0.0,0.1989675347273536,0.0,-0.0020777729190408684,-0.0020777729190408684,0.0,1.6236000000000002,0.0396,0.0,0.0,0.2,0.0,0.0,0.1989675347273536,0.0,0.0,0.0,square,2,0.2,0.25,27,54,16.590009689331055,0.0
1779528345.805415,0.0,0.0,0.1989675347273536,0.0,0.0,0.0,-0.0396,1.6236000000000002,0.0,0.0,0.0,0.2,0.0,0.0,0.1989675347273536,0.0,0.0,0.0,square,2,0.2,0.25,27,54,16.599971532821655,0.0
1779528345.8154175,0.0,0.0,0.1989675347273536,0.0,0.0,0.0,0.0,1.5444,-0.0396,0.0,0.0,0.2,0.0,0.0,0.1989675347273536,0.0,0.0,0.0,square,2,0.2,0.25,27,54,16.609973430633545,0.0
1779528345.8254173,0.0,0.0,0.1989675347273536,0.0,0.0,0.0,-0.0792,1.6632,-0.0792,0.0,0.0,0.2,0.0,0.0,0.1989675347273536,0.0,0.0,0.0,square,2,0.2,0.25,27,54,16.619976043701172,0.0
1779528345.8354197,0.0,0.0,0.1989675347273536,0.0,0.0,0.0,-0.0792,1.6236000000000002,-0.1188,0.0,0.0,0.2,0.0,0.0,0.1989675347273536,0.0,0.0,0.0,square,2,0.2,0.25,27,54,16.62997579574585,0.0
1779528345.845414,0.0,0.0,0.1989675347273536,0.0,0.0,0.0,-0.0792,1.5444,-0.198,0.0,0.0,0.2,0.0,0.0,0.1989675347273536,0.0,0.0,0.0,square,2,0.2,0.25,27,54,16.639978170394897,0.0
1779528345.855417,0.0,0.0,0.1989675347273536,0.0,0.0,0.0,-0.0396,1.7028,-0.0792,0.0,0.0,0.2,0.0,0.0,0.1989675347273536,0.0,0.0,0.0,square,2,0.2,0.25,27,54,16.649972438812256,0.0
1779528345.8654137,0.0,0.0,0.1989675347273536,0.0,0.0,0.0,0.1188,1.584,-0.0792,0.0,0.0,0.2,0.0,0.0,0.1989675347273536,0.0,0.0,-0.0020777729190408684,square,2,0.2,0.25,27,54,16.65997552871704,0.0
1779528345.875413,0.0,0.0,0.1989675347273536,0.0,0.0,-0.0020777729190408684,-0.0396,1.7028,-0.1584,0.0,0.0,0.2,0.0,0.0,0.1989675347273536,-0.0020777729190408684,0.0020777729190408684,0.0,square,2,0.2,0.25,27,54,16.66997218132019,0.0
1779528345.8854165,0.0,0.0,0.1989675347273536,-0.0020777729190408684,0.0020777729190408684,0.0,-0.0792,1.6632,-0.1188,0.0,0.0,0.2,0.0,0.0,0.1989675347273536,0.0,0.0,0.0,square,2,0.2,0.25,27,54,16.67997145652771,0.0
1779528345.8954155,0.0,0.0,0.1989675347273536,0.0,0.0,0.0,0.0,1.5444,0.1188,0.0,0.0,0.2,0.0,0.0,0.1989675347273536,0.0,0.0,0.0,square,2,0.2,0.25,27,54,16.689975023269653,0.0
1779528345.9054127,0.0,0.0,0.1989675347273536,0.0,0.0,0.0,-0.0396,1.5444,-0.0396,0.0,0.0,0.2,0.0,0.0,0.1989675347273536,0.0,0.0,0.0,square,2,0.2,0.25,27,54,16.699974060058594,0.0
1779528345.915416,0.0,0.0,0.1989675347273536,0.0,0.0,0.0,-0.0396,1.6632,-0.1188,0.0,0.0,0.2,0.0,0.0,0.1989675347273536,0.0,0.0,0.0,square,2,0.2,0.25,27,54,16.7099711894989,0.0
1779528345.9254189,0.0,0.0,0.1989675347273536,0.0,0.0,0.0,-0.0792,1.584,-0.1188,0.0,0.0,0.2,0.0,0.0,0.1989675347273536,-0.0020777729190408684,0.0,0.0,square,2,0.2,0.25,27,54,16.719974517822266,0.0
1779528345.9354148,0.0,0.0,0.1989675347273536,-0.0020777729190408684,0.0,0.0,0.0,1.4652,-0.0792,0.0,0.0,0.2,0.0,0.0,0.1989675347273536,0.0,0.0,0.0,square,2,0.2,0.25,27,54,16.72997736930847,0.0
1779528345.9455352,0.0,0.0,0.1989675347273536,0.0,0.0,0.0,-0.0396,1.5048000000000001,-0.0792,0.0,0.0,0.2,0.0,0.0,0.1989675347273536,0.0,0.0,0.0,square,2,0.2,0.25,27,54,16.739973306655884,0.0
1779528345.9554136,0.0,0.0,0.1989675347273536,0.0,0.0,0.0,-0.0396,1.5048000000000001,-0.1188,0.0,0.0,0.2,0.0,0.0,0.1989675347273536,0.0,0.0,0.0,square,2,0.2,0.25,27,54,16.750093698501587,0.0
1779528345.965416,0.0,0.0,0.1989675347273536,0.0,0.0,0.0,0.0,1.7028,-0.1584,0.0,0.0,0.2,0.0,0.0,0.1989675347273536,0.0,0.0,-0.0020777729190408684,square,2,0.2,0.25,27,54,16.759972095489502,0.0
1779528345.9755635,0.0,0.0,0.1989675347273536,0.0,0.0,-0.0020777729190408684,-0.1188,1.7028,-0.1188,0.0,0.0,0.2,0.0,0.0,0.1989675347273536,0.0,0.0,0.0,square,2,0.2,0.25,27,54,16.76997447013855,0.0
1779528345.9854152,0.0,0.0,0.1989675347273536,0.0,0.0,0.0,-0.0792,1.5048000000000001,-0.1188,0.0,0.0,0.2,0.0,0.0,0.1989675347273536,0.0020777729190408684,0.0,0.0,square,2,0.2,0.25,27,54,16.78012204170227,0.0
1779528345.9955094,0.0,0.0,0.1989675347273536,0.0020777729190408684,0.0,0.0,-0.0792,1.584,-0.0792,0.0,0.0,0.2,0.0,0.0,0.1989675347273536,0.0,0.0,0.0020777729190408684,square,2,0.2,0.25,27,54,16.789973735809326,0.0
1779528346.0054162,0.0,0.0,0.1989675347273536,0.0,0.0,0.0020777729190408684,-0.0792,1.584,-0.1584,0.0,0.0,0.2,0.0,0.0,0.1989675347273536,0.0,0.0,0.0,square,2,0.2,0.25,27,54,16.800067901611328,0.0
1779528346.0164573,0.0,0.0,0.1989675347273536,0.0,0.0,0.0,-0.0396,1.6236000000000002,-0.198,0.0,0.0,0.2,0.0,0.0,0.1989675347273536,0.0,0.0,0.0,square,2,0.2,0.25,27,54,16.809974670410156,0.0
1779528346.0254474,0.0,0.0,0.1989675347273536,0.0,0.0,0.0,-0.0792,1.7028,-0.2376,0.0,0.0,0.2,0.0,0.0,0.1989675347273536,0.0,0.0,0.0,square,2,0.2,0.25,27,54,16.82101583480835,0.0
1779528346.0354118,0.0,0.0,0.1989675347273536,0.0,0.0,0.0,-0.0396,1.5048000000000001,-0.0792,0.0,0.0,0.2,0.0,0.0,0.1989675347273536,0.0,0.0,0.0,square,2,0.2,0.25,27,54,16.830005884170532,0.0
1779528346.0454142,0.0,0.0,0.1989675347273536,0.0,0.0,0.0,-0.0396,1.6236000000000002,-0.0792,0.0,0.0,0.2,0.0,0.0,0.1989675347273536,0.0,0.0,0.0,square,2,0.2,0.25,27,54,16.839970350265503,0.0
1779528346.0554132,0.0,0.0,0.1989675347273536,0.0,0.0,0.0,0.0,1.5048000000000001,-0.198,0.0,0.0,0.2,0.0,0.0,0.1989675347273536,0.0,0.0,-0.0020777729190408684,square,2,0.2,0.25,27,54,16.84997272491455,0.0
1779528346.065544,0.0,0.0,0.1989675347273536,0.0,0.0,-0.0020777729190408684,0.0396,1.6236000000000002,-0.198,0.0,0.0,0.2,0.0,0.0,0.1989675347273536,0.0,0.0,0.0,square,2,0.2,0.25,27,54,16.85997176170349,0.0
1779528346.075413,0.0,0.0,0.1989675347273536,0.0,0.0,0.0,0.0,1.6236000000000002,-0.0396,0.0,0.0,0.2,0.0,0.0,0.1989675347273536,0.0,0.0,0.0,square,2,0.2,0.25,27,54,16.870102405548096,0.0
1779528346.0855324,0.0,0.0,0.1989675347273536,0.0,0.0,0.0,0.0,1.584,-0.1188,0.0,0.0,0.2,0.0,0.0,0.1989675347273536,-0.0020777729190408684,-0.0020777729190408684,-0.0020777729190408684,square,2,0.2,0.25,27,54,16.879971504211426,0.0
1779528346.095452,0.0,0.0,0.1989675347273536,-0.0020777729190408684,-0.0020777729190408684,-0.0020777729190408684,-0.0792,1.6632,-0.1188,0.0,0.0,0.2,0.0,0.0,0.1989675347273536,0.0,0.0,0.0,square,2,0.2,0.25,27,54,16.890090942382812,0.0
1779528346.1054277,0.0,0.0,0.1989675347273536,0.0,0.0,0.0,-0.0792,1.5048000000000001,-0.0792,0.0,0.0,0.2,0.0,0.0,0.1989675347273536,0.0,0.0,0.0020777729190408684,square,2,0.2,0.25,27,54,16.900010585784912,0.0
1779528346.115415,0.0,0.0,0.1989675347273536,0.0,0.0,0.0020777729190408684,-0.0792,1.584,-0.2376,0.0,0.0,0.2,0.0,0.0,0.1989675347273536,0.0,0.0,0.0,square,2,0.2,0.25,27,54,16.9099862575531,0.0
1779528346.1254148,0.0,0.0,0.1989675347273536,0.0,0.0,0.0,-0.1188,1.5444,-0.1188,0.0,0.0,0.2,0.0,0.0,0.1989675347273536,0.0,0.0,0.0,square,2,0.2,0.25,27,54,16.919973611831665,0.0
1779528346.135411,0.0,0.0,0.1989675347273536,0.0,0.0,0.0,-0.0792,1.6236000000000002,-0.1584,0.0,0.0,0.2,0.0,0.0,0.1989675347273536,0.0,0.0,0.0,square,2,0.2,0.25,27,54,16.929973363876343,0.0
1779528346.1454165,0.0,0.0,0.1989675347273536,0.0,0.0,0.0,-0.0396,1.6632,-0.1188,0.0,0.0,0.2,0.0,0.0,0.1989675347273536,0.0,-0.0020777729190408684,0.0,square,2,0.2,0.25,27,54,16.939969539642334,0.0
1779528346.1554172,0.0,0.0,0.1989675347273536,0.0,-0.0020777729190408684,0.0,0.0,1.584,-0.1584,0.0,0.0,0.2,0.0,0.0,0.1989675347273536,0.0,0.0,0.0,square,2,0.2,0.25,27,54,16.94997501373291,0.0
1779528346.1654124,0.0,0.0,0.1989675347273536,0.0,0.0,0.0,0.0,1.6236000000000002,-0.1188,0.0,0.0,0.2,0.0,0.0,0.1989675347273536,0.0,0.0,0.0,square,2,0.2,0.25,27,54,16.959975719451904,0.0
1779528346.1754134,0.0,0.0,0.1989675347273536,0.0,0.0,0.0,-0.0396,1.5048000000000001,-0.0792,0.0,0.0,0.2,0.0,0.0,0.1989675347273536,0.0,0.0,0.0,square,2,0.2,0.25,27,54,16.96997094154358,0.0
1779528346.1854143,0.0,0.0,0.1989675347273536,0.0,0.0,0.0,-0.0792,1.7028,0.0,0.0,0.0,0.2,0.0,0.0,0.1989675347273536,0.0,0.0,0.0,square,2,0.2,0.25,27,54,16.979971885681152,0.0
1779528346.1955583,0.0,0.0,0.1989675347273536,0.0,0.0,0.0,0.0,1.6632,-0.0396,0.0,0.0,0.2,0.0,0.0,0.1989675347273536,0.0020777729190408684,0.0,0.0,square,2,0.2,0.25,27,54,16.989972829818726,0.0
1779528346.2054138,0.0,0.0,0.1989675347273536,0.0020777729190408684,0.0,0.0,0.0,1.7028,-0.198,0.0,0.0,0.2,0.0,0.0,0.1989675347273536,0.0,0.0,0.0,square,2,0.2,0.25,27,54,17.00011682510376,0.0
1779528346.2155914,0.0,0.0,0.1989675347273536,0.0,0.0,0.0,-0.0396,1.7028,-0.1584,0.0,0.0,0.2,0.0,0.0,0.1989675347273536,0.0,0.0,0.0,square,2,0.2,0.25,27,54,17.00997233390808,0.0
1779528346.2254133,0.0,0.0,0.1989675347273536,0.0,0.0,0.0,-0.0792,1.6632,-0.2376,0.0,0.0,0.2,0.0,0.0,0.1989675347273536,0.0020777729190408684,0.0,0.0,square,2,0.2,0.25,27,54,17.02014994621277,0.0
1779528346.2354133,0.0,0.0,0.1989675347273536,0.0020777729190408684,0.0,0.0,-0.0792,1.5444,-0.1188,0.0,0.0,0.2,0.0,0.0,0.1989675347273536,0.0,0.0,-0.0020777729190408684,square,2,0.2,0.25,27,54,17.029971837997437,0.0
1779528346.245498,0.0,0.0,0.1989675347273536,0.0,0.0,-0.0020777729190408684,-0.0396,1.7028,-0.0396,0.0,0.0,0.2,0.0,0.0,0.1989675347273536,0.0,0.0,0.0,square,2,0.2,0.25,27,54,17.039971828460693,0.0
1779528346.2554262,0.0,0.0,0.1989675347273536,0.0,0.0,0.0,-0.0396,1.6632,-0.2376,0.0,0.0,0.2,0.0,0.0,0.1989675347273536,0.0,0.0,0.0,square,2,0.2,0.25,27,54,17.05005645751953,0.0
1779528346.2654161,0.0,0.0,0.1989675347273536,0.0,0.0,0.0,0.0,1.5444,-0.1188,0.0,0.0,0.2,0.0,0.0,0.1989675347273536,0.0,0.0020777729190408684,-0.0020777729190408684,square,2,0.2,0.25,27,54,17.05998468399048,0.0
1779528346.275413,0.0,0.0,0.1989675347273536,0.0,0.0020777729190408684,-0.0020777729190408684,-0.0396,1.6236000000000002,-0.1188,0.0,0.0,0.2,0.0,0.0,0.1989675347273536,0.0,0.0,0.0,square,2,0.2,0.25,27,54,17.069974660873413,0.0
1779528346.2854142,0.0,0.0,0.1989675347273536,0.0,0.0,0.0,0.0396,1.584,-0.1584,0.0,0.0,0.2,0.0,0.0,0.1989675347273536,0.0,0.0,0.0,square,2,0.2,0.25,27,54,17.07997155189514,0.0
1779528346.2954133,0.0,0.0,0.1989675347273536,0.0,0.0,0.0,-0.0396,1.584,-0.198,0.0,0.0,0.2,0.0,0.0,0.1989675347273536,0.0,0.0,0.0,square,2,0.2,0.25,27,54,17.089972734451294,0.0
1779528346.3054156,0.0,0.0,0.1989675347273536,0.0,0.0,0.0,-0.0396,1.6632,-0.198,0.0,0.0,0.2,0.0,0.0,0.1989675347273536,0.0,0.0,0.0,square,2,0.2,0.25,27,54,17.099971771240234,0.0
1779528346.3154128,0.0,0.0,0.1989675347273536,0.0,0.0,0.0,-0.0792,1.6632,-0.198,0.0,0.0,0.2,0.0,0.0,0.1989675347273536,0.0,0.0,0.0,square,2,0.2,0.25,27,54,17.109974145889282,0.0
1779528346.3253863,0.0,0.0,0.1989675347273536,0.0,0.0,0.0,-0.0792,1.7028,-0.0792,0.0,0.0,0.2,0.0,0.0,0.1989675347273536,0.0,0.0,0.0,square,2,0.2,0.25,27,54,17.11997127532959,0.0
1779528346.335418,0.0,0.0,0.1989675347273536,0.0,0.0,0.0,-0.0396,1.5444,-0.0396,0.0,0.0,0.2,0.0,0.0,0.1989675347273536,0.0,0.0,0.0,square,2,0.2,0.25,27,54,17.129944801330566,0.0
1779528346.3454103,0.0,0.0,0.1989675347273536,0.0,0.0,0.0,-0.0792,1.6236000000000002,-0.1188,0.0,0.0,0.2,0.0,0.0,0.1989675347273536,0.0,0.0,0.0,square,2,0.2,0.25,27,54,17.139976501464844,0.0
1779528346.35543,0.0,0.0,0.1989675347273536,0.0,0.0,0.0,-0.0792,1.5444,-0.1584,0.0,0.0,0.2,0.0,0.0,0.1989675347273536,0.0,0.0,0.0,square,2,0.2,0.25,27,54,17.14996886253357,0.0
1779528346.365415,0.0,0.0,0.1989675347273536,0.0,0.0,0.0,-0.0792,1.6236000000000002,-0.198,0.0,0.0,0.2,0.0,0.0,0.1989675347273536,0.0,-0.0020777729190408684,0.0,square,2,0.2,0.25,27,54,17.159988403320312,0.0
1779528346.3754191,0.0,0.0,0.1989675347273536,0.0,-0.0020777729190408684,0.0,-0.0396,1.7424,-0.2376,0.0,0.0,0.2,0.0,0.0,0.1989675347273536,0.0,0.0,0.0,square,2,0.2,0.25,27,54,17.169973611831665,0.0
1779528346.3854163,0.0,0.0,0.1989675347273536,0.0,0.0,0.0,-0.0396,1.584,0.0,0.0,0.0,0.2,0.0,0.0,0.1989675347273536,0.0,0.0,0.0,square,2,0.2,0.25,27,54,17.179977655410767,0.0
1779528346.3954165,0.0,0.0,0.1989675347273536,0.0,0.0,0.0,-0.0396,1.584,-0.1584,0.0,0.0,0.2,0.0,0.0,0.1989675347273536,0.0,0.0,0.0,square,2,0.2,0.25,27,54,17.189974784851074,0.0
1779528346.4054184,0.0,0.0,0.1989675347273536,0.0,0.0,0.0,-0.0396,1.584,-0.198,0.0,0.0,0.2,0.0,0.0,0.1989675347273536,0.0,0.0,0.0,square,2,0.2,0.25,27,54,17.19997501373291,0.0
1779528346.415438,0.0,0.0,0.1989675347273536,0.0,0.0,0.0,-0.0792,1.584,-0.198,0.0,0.0,0.2,0.0,0.0,0.1989675347273536,-0.0020777729190408684,0.0020777729190408684,0.0,square,2,0.2,0.25,27,54,17.2099769115448,0.0
1779528346.4254115,0.0,0.0,0.1989675347273536,-0.0020777729190408684,0.0020777729190408684,0.0,0.0,1.5048000000000001,-0.1188,0.0,0.0,0.2,0.0,0.0,0.1989675347273536,0.0,0.0,0.0,square,2,0.2,0.25,27,54,17.219996452331543,0.0
1779528346.4354382,0.0,0.0,0.1989675347273536,0.0,0.0,0.0,0.0,1.5444,-0.0396,0.0,0.0,0.2,0.0,0.0,0.1989675347273536,0.0,0.0,0.0,square,2,0.2,0.25,27,54,17.22996997833252,0.0
1779528346.4454103,0.0,0.0,0.1989675347273536,0.0,0.0,0.0,-0.0792,1.584,0.0,0.0,0.0,0.2,0.0,0.0,0.1989675347273536,0.0,0.0,0.0,square,2,0.2,0.25,27,54,17.239996671676636,0.0
1779528346.4554152,0.0,0.0,0.1989675347273536,0.0,0.0,0.0,-0.0792,1.7028,-0.1188,0.0,0.0,0.2,0.0,0.0,0.1989675347273536,0.0020777729190408684,0.0,0.0,square,2,0.2,0.25,27,54,17.249968767166138,0.0
1779528346.465416,0.0,0.0,0.1989675347273536,0.0020777729190408684,0.0,0.0,0.0,1.5444,-0.1584,0.0,0.0,0.2,0.0,0.0,0.1989675347273536,-0.0020777729190408684,-0.0020777729190408684,0.0,square,2,0.2,0.25,27,54,17.259973764419556,0.0
1779528346.4754481,0.0,0.0,0.1989675347273536,-0.0020777729190408684,-0.0020777729190408684,0.0,-0.0396,1.6632,-0.0792,0.0,0.0,0.2,0.0,0.0,0.1989675347273536,0.0,0.0,0.0,square,2,0.2,0.25,27,54,17.26997447013855,0.0
1779528346.4854143,0.0,0.0,0.1989675347273536,0.0,0.0,0.0,-0.0396,1.7028,-0.1584,0.0,0.0,0.2,0.0,0.0,0.1989675347273536,0.0,0.0,0.0,square,2,0.2,0.25,27,54,17.280006647109985,0.0
1779528346.4954157,0.0,0.0,0.1989675347273536,0.0,0.0,0.0,-0.0792,1.7028,-0.1584,0.0,0.0,0.2,0.0,0.0,0.1989675347273536,0.0,0.0,0.0,square,2,0.2,0.25,27,54,17.28997278213501,0.0
1779528346.5054173,0.0,0.0,0.1989675347273536,0.0,0.0,0.0,0.0,1.5444,-0.1584,0.0,0.0,0.2,0.0,0.0,0.1989675347273536,0.0,0.0,0.0,square,2,0.2,0.25,27,54,17.29997420310974,0.0
1779528346.5154152,0.0,0.0,0.1989675347273536,0.0,0.0,0.0,-0.0792,1.6236000000000002,-0.1188,0.0,0.0,0.2,0.0,0.0,0.1989675347273536,0.0,0.0,0.0020777729190408684,square,2,0.2,0.25,27,54,17.30997586250305,0.0
1779528346.5254211,0.0,0.0,0.1989675347273536,0.0,0.0,0.0020777729190408684,0.0,1.5444,-0.198,0.0,0.0,0.2,0.0,0.0,0.1989675347273536,0.0,0.0,0.0,square,2,0.2,0.25,27,54,17.319973707199097,0.0
1779528346.5354621,0.0,0.0,0.1989675347273536,0.0,0.0,0.0,-0.0396,1.7028,-0.1188,0.0,0.0,0.2,0.0,0.0,0.1989675347273536,0.0020777729190408684,0.0,0.0,square,2,0.2,0.25,27,54,17.32997965812683,0.0
1779528346.545416,0.0,0.0,0.1989675347273536,0.0020777729190408684,0.0,0.0,-0.0396,1.7424,-0.1188,0.0,0.0,0.2,0.0,0.0,0.1989675347273536,0.0,0.0,0.0,square,2,0.2,0.25,27,54,17.340020656585693,0.0
1779528346.5554166,0.0,0.0,0.1989675347273536,0.0,0.0,0.0,-0.0792,1.6632,-0.198,0.0,0.0,0.2,0.0,0.0,0.1989675347273536,0.0,0.0,0.0,square,2,0.2,0.25,27,54,17.349974632263184,0.0
1779528346.56541,0.0,0.0,0.1989675347273536,0.0,0.0,0.0,-0.0396,1.5444,0.0,0.0,0.0,0.2,0.0,0.0,0.1989675347273536,0.0,0.0,0.0,square,2,0.2,0.25,27,54,17.3599750995636,0.0
1779528346.5754168,0.0,0.0,0.1989675347273536,0.0,0.0,0.0,-0.0396,1.782,-0.27720000000000006,0.0,0.0,0.2,0.0,0.0,0.1989675347273536,0.0,0.0,0.0,square,2,0.2,0.25,27,54,17.36996841430664,0.0
1779528346.5854187,0.0,0.0,0.1989675347273536,0.0,0.0,0.0,-0.0396,1.6632,-0.1584,0.0,0.0,0.2,0.0,0.0,0.1989675347273536,0.0,0.0,0.0,square,2,0.2,0.25,27,54,17.37997531890869,0.0
1779528346.5954137,0.0,0.0,0.1989675347273536,0.0,0.0,0.0,-0.0396,1.7028,-0.1584,0.0,0.0,0.2,0.0,0.0,0.1989675347273536,0.0,-0.0020777729190408684,0.0,square,2,0.2,0.25,27,54,17.38997721672058,0.0
1779528346.6055655,0.0,0.0,0.1989675347273536,0.0,-0.0020777729190408684,0.0,-0.0792,1.7028,-0.1188,0.0,0.0,0.2,0.0,0.0,0.1989675347273536,0.0,0.0,0.0,square,2,0.2,0.25,27,54,17.399972200393677,0.0
1779528346.6154225,0.0,0.0,0.1989675347273536,0.0,0.0,0.0,-0.0792,1.584,-0.1188,0.0,0.0,0.2,0.0,0.0,0.1989675347273536,0.0,0.0,0.0020777729190408684,square,2,0.2,0.25,27,54,17.41012406349182,0.0
1779528346.6254153,0.0,0.0,0.1989675347273536,0.0,0.0,0.0020777729190408684,-0.0396,1.5048000000000001,-0.0792,0.0,0.0,0.2,0.0,0.0,0.1989675347273536,0.0,0.0,-0.0020777729190408684,square,2,0.2,0.25,27,54,17.419981002807617,0.0
1779528346.635424,0.0,0.0,0.1989675347273536,0.0,0.0,-0.0020777729190408684,0.0,1.6236000000000002,-0.0792,0.0,0.0,0.2,0.0,0.0,0.1989675347273536,0.0,0.0,0.0,square,2,0.2,0.25,27,54,17.4299738407135,0.0
1779528346.6454477,0.0,0.0,0.1989675347273536,0.0,0.0,0.0,-0.0792,1.5444,-0.0792,0.0,0.0,0.2,0.0,0.0,0.1989675347273536,0.0,0.0,0.0,square,2,0.2,0.25,27,54,17.439982414245605,0.0
1779528346.6554182,0.0,0.0,0.1989675347273536,0.0,0.0,0.0,0.0,1.7028,-0.3168,0.0,0.0,0.2,0.0,0.0,0.1989675347273536,-0.0020777729190408684,0.0,0.0,square,2,0.2,0.25,27,54,17.450006246566772,0.0
1779528346.6654143,0.0,0.0,0.1989675347273536,-0.0020777729190408684,0.0,0.0,-0.0396,1.6632,-0.0792,0.0,0.0,0.2,0.0,0.0,0.1989675347273536,0.0,0.0,0.0,square,2,0.2,0.25,27,54,17.45997667312622,0.0
1779528346.6754348,0.0,0.0,0.1989675347273536,0.0,0.0,0.0,-0.0396,1.6632,-0.1188,0.0,0.0,0.2,0.0,0.0,0.1989675347273536,0.0,0.0,0.0,square,2,0.2,0.25,27,54,17.469972848892212,0.0
1779528346.685431,0.0,0.0,0.1989675347273536,0.0,0.0,0.0,-0.0792,1.6236000000000002,-0.0396,0.0,0.0,0.2,0.0,0.0,0.1989675347273536,0.0,0.0,0.0,square,2,0.2,0.25,27,54,17.47999334335327,0.0
1779528346.6954167,0.0,0.0,0.1989675347273536,0.0,0.0,0.0,-0.0792,1.7028,-0.1584,0.0,0.0,0.2,0.0,0.0,0.1989675347273536,0.0,0.0,0.0,square,2,0.2,0.25,27,54,17.489989519119263,0.0
1779528346.7056196,0.0,0.0,0.1989675347273536,0.0,0.0,0.0,-0.0792,1.6236000000000002,-0.1584,0.0,0.0,0.2,0.0,0.0,0.1989675347273536,0.0020777729190408684,0.0,0.0,square,2,0.2,0.25,27,54,17.499975204467773,0.0
1779528346.7155771,0.0,0.0,0.1989675347273536,0.0020777729190408684,0.0,0.0,0.0,1.6632,-0.1188,0.0,0.0,0.2,0.0,0.0,0.1989675347273536,-0.0020777729190408684,0.0020777729190408684,0.0,square,2,0.2,0.25,27,54,17.510178089141846,0.0
1779528346.7255976,0.0,0.0,0.1989675347273536,-0.0020777729190408684,0.0020777729190408684,0.0,-0.0792,1.6632,-0.1188,0.0,0.0,0.2,0.0,0.0,0.1989675347273536,0.0,0.0020777729190408684,0.0,square,2,0.2,0.25,27,54,17.520135641098022,0.0
1779528346.7354236,0.0,0.0,0.1989675347273536,0.0,0.0020777729190408684,0.0,-0.0396,1.5444,-0.1584,0.0,0.0,0.2,0.0,0.0,0.1989675347273536,-0.0020777729190408684,0.0,0.0,square,2,0.2,0.25,27,54,17.530156135559082,0.0
1779528346.7454114,0.0,0.0,0.1989675347273536,-0.0020777729190408684,0.0,0.0,0.0,1.7424,-0.2376,0.0,0.0,0.2,0.0,0.0,0.1989675347273536,0.0,0.0,0.0,square,2,0.2,0.25,27,54,17.539982080459595,0.0
1779528346.7555907,0.0,0.0,0.1989675347273536,0.0,0.0,0.0,0.0,1.7424,-0.27720000000000006,0.0,0.0,0.2,0.0,0.0,0.1989675347273536,0.0,0.0,0.0,square,2,0.2,0.25,27,54,17.549969911575317,0.0
1779528346.765537,0.0,0.0,0.1989675347273536,0.0,0.0,0.0,-0.0396,1.584,-0.0792,0.0,0.0,0.2,0.0,0.0,0.1989675347273536,0.0,0.0,0.0,square,2,0.2,0.25,27,54,17.56014919281006,0.0
1779528346.7754145,0.0,0.0,0.1989675347273536,0.0,0.0,0.0,-0.0396,1.584,-0.0792,0.0,0.0,0.2,0.0,0.0,0.1989675347273536,0.0,0.0,0.0,square,2,0.2,0.25,27,54,17.570095539093018,0.0
1779528346.785411,0.0,0.0,0.1989675347273536,0.0,0.0,0.0,-0.0396,1.6236000000000002,-0.1188,0.0,0.0,0.2,0.0,0.0,0.1989675347273536,0.0,-0.0020777729190408684,0.0,square,2,0.2,0.25,27,54,17.579972982406616,0.0
1779528346.7954133,0.0,0.0,0.1989675347273536,0.0,-0.0020777729190408684,0.0,-0.0396,1.6236000000000002,-0.0792,0.0,0.0,0.2,0.0,0.0,0.1989675347273536,0.0,0.0,0.0,square,2,0.2,0.25,27,54,17.589969396591187,0.0
1779528346.8054175,0.0,0.0,0.1989675347273536,0.0,0.0,0.0,0.0,1.5444,-0.198,0.0,0.0,0.2,0.0,0.0,0.1989675347273536,0.0,0.0,0.0,square,2,0.2,0.25,27,54,17.599971771240234,0.0
1779528346.816396,0.0,0.0,0.1989675347273536,0.0,0.0,0.0,-0.0396,1.6632,-0.1188,0.0,0.0,0.2,0.0,0.0,0.1989675347273536,0.0,0.0,0.0,square,2,0.2,0.25,27,54,17.609976053237915,0.0
1779528346.8254082,0.0,0.0,0.1989675347273536,0.0,0.0,0.0,-0.0396,1.6632,-0.27720000000000006,0.0,0.0,0.2,0.0,0.0,0.1989675347273536,0.0,0.0,0.0,square,2,0.2,0.25,27,54,17.620954513549805,0.0
1779528346.8354108,0.0,0.0,0.1989675347273536,0.0,0.0,0.0,0.0,1.584,-0.1584,0.0,0.0,0.2,0.0,0.0,0.1989675347273536,0.0,0.0020777729190408684,0.0020777729190408684,square,2,0.2,0.25,27,54,17.629966735839844,0.0
1779528346.8454123,0.0,0.0,0.1989675347273536,0.0,0.0020777729190408684,0.0020777729190408684,-0.0792,1.6236000000000002,-0.2376,0.0,0.0,0.2,0.0,0.0,0.1989675347273536,0.0,-0.0020777729190408684,0.0,square,2,0.2,0.25,27,54,17.63996934890747,0.0
1779528346.8554103,0.0,0.0,0.1989675347273536,0.0,-0.0020777729190408684,0.0,-0.0396,1.7028,-0.0792,0.0,0.0,0.2,0.0,0.0,0.1989675347273536,0.0,0.0,0.0,square,2,0.2,0.25,27,54,17.649970769882202,0.0
1779528346.8654132,0.0,0.0,0.1989675347273536,0.0,0.0,0.0,-0.1188,1.6236000000000002,-0.1584,0.0,0.0,0.2,0.0,0.0,0.1989675347273536,0.0,0.0,0.0,square,2,0.2,0.25,27,54,17.659968852996826,0.0
1779528346.8754117,0.0,0.0,0.1989675347273536,0.0,0.0,0.0,-0.0396,1.6236000000000002,-0.1188,0.0,0.0,0.2,0.0,0.0,0.1989675347273536,0.0,0.0,0.0,square,2,0.2,0.25,27,54,17.669971704483032,0.0
1779528346.8854177,0.0,0.0,0.1989675347273536,0.0,0.0,0.0,-0.0792,1.7424,-0.1188,0.0,0.0,0.2,0.0,0.0,0.1989675347273536,0.0,0.0,0.0,square,2,0.2,0.25,27,54,17.679970264434814,0.0
1779528346.8954124,0.0,0.0,0.1989675347273536,0.0,0.0,0.0,0.0,1.7028,-0.1584,0.0,0.0,0.2,0.0,0.0,0.1989675347273536,0.0,0.0,0.0,square,2,0.2,0.25,27,54,17.68997621536255,0.0
1779528346.905411,0.0,0.0,0.1989675347273536,0.0,0.0,0.0,-0.0792,1.5444,-0.198,0.0,0.0,0.2,0.0,0.0,0.1989675347273536,0.0,0.0,0.0,square,2,0.2,0.25,27,54,17.699970960617065,0.0
1779528346.9155586,0.0,0.0,0.1989675347273536,0.0,0.0,0.0,-0.0792,1.584,-0.27720000000000006,0.0,0.0,0.2,0.0,0.0,0.1989675347273536,0.0,0.0,0.0,square,2,0.2,0.25,27,54,17.709969520568848,0.0
1779528346.9254115,0.0,0.0,0.1989675347273536,0.0,0.0,0.0,0.0,1.584,-0.1584,0.0,0.0,0.2,0.0,0.0,0.1989675347273536,0.0,0.0,-0.0020777729190408684,square,2,0.2,0.25,27,54,17.72011709213257,0.0
1779528346.9355533,0.0,0.0,0.1989675347273536,0.0,0.0,-0.0020777729190408684,0.0,1.7028,-0.2376,0.0,0.0,0.2,0.0,0.0,0.1989675347273536,0.0,0.0,0.0,square,2,0.2,0.25,27,54,17.72996997833252,0.0
1779528346.9454138,0.0,0.0,0.1989675347273536,0.0,0.0,0.0,-0.0396,1.6236000000000002,-0.2376,0.0,0.0,0.2,0.0,0.0,0.1989675347273536,0.0,0.0,0.0,square,2,0.2,0.25,27,54,17.740111827850342,0.0
1779528346.9554107,0.0,0.0,0.1989675347273536,0.0,0.0,0.0,0.0,1.6632,-0.198,0.0,0.0,0.2,0.0,0.0,0.1989675347273536,0.0,0.0,0.0,square,2,0.2,0.25,27,54,17.749972343444824,0.0
1779528346.9654503,0.0,0.0,0.1989675347273536,0.0,0.0,0.0,-0.0396,1.584,0.2376,0.0,0.0,0.2,0.0,0.0,0.1989675347273536,0.0,0.0,0.0,square,2,0.2,0.25,27,54,17.759969234466553,0.0
1779528346.975413,0.0,0.0,0.1989675347273536,0.0,0.0,0.0,-0.0396,1.5444,-0.1584,0.0,0.0,0.2,0.0,0.0,0.1989675347273536,0.0,0.0,0.0,square,2,0.2,0.25,27,54,17.77000880241394,0.0
1779528346.9854143,0.0,0.0,0.1989675347273536,0.0,0.0,0.0,0.0,1.6236000000000002,-0.0792,0.0,0.0,0.2,0.0,0.0,0.1989675347273536,0.0,0.0,0.0,square,2,0.2,0.25,27,54,17.779971599578857,0.0
1779528346.9955556,0.0,0.0,0.1989675347273536,0.0,0.0,0.0,0.0,1.6632,-0.198,0.0,0.0,0.2,0.0,0.0,0.1989675347273536,0.0,0.0,0.0,square,2,0.2,0.25,27,54,17.78997278213501,0.0
1779528347.0055575,0.0,0.0,0.1989675347273536,0.0,0.0,0.0,-0.0396,1.5444,-0.198,0.0,0.0,0.2,0.0,0.0,0.1989675347273536,0.0,0.0,0.0,square,2,0.2,0.25,27,54,17.800114154815674,0.0
1779528347.015412,0.0,0.0,0.1989675347273536,0.0,0.0,0.0,-0.0396,1.7028,-0.1584,0.0,0.0,0.2,0.0,0.0,0.1989675347273536,0.0,0.0,0.0,square,2,0.2,0.25,27,54,17.810116052627563,0.0
1779528347.0254138,0.0,0.0,0.1989675347273536,0.0,0.0,0.0,-0.0792,1.6236000000000002,-0.2376,0.0,0.0,0.2,0.0,0.0,0.1989675347273536,0.0,0.0,0.0,square,2,0.2,0.25,27,54,17.81997060775757,0.0
1779528347.0354147,0.0,0.0,0.1989675347273536,0.0,0.0,0.0,-0.0396,1.7424,-0.3168,0.0,0.0,0.2,0.0,0.0,0.1989675347273536,0.0,0.0,0.0,square,2,0.2,0.25,27,54,17.82997226715088,0.0
1779528347.045549,0.0,0.0,0.1989675347273536,0.0,0.0,0.0,-0.0792,1.5444,-0.27720000000000006,0.0,0.0,0.2,0.0,0.0,0.1989675347273536,0.0,0.0,0.0,square,2,0.2,0.25,27,54,17.839973211288452,0.0
1779528347.055551,0.0,0.0,0.1989675347273536,0.0,0.0,0.0,-0.0396,1.6632,-0.198,0.0,0.0,0.2,0.0,0.0,0.1989675347273536,0.0,0.0,0.0,square,2,0.2,0.25,27,54,17.850107431411743,0.0
1779528347.0655568,0.0,0.0,0.1989675347273536,0.0,0.0,0.0,-0.0396,1.584,-0.27720000000000006,0.0,0.0,0.2,0.0,0.0,0.1989675347273536,0.0,0.0,0.0,square,2,0.2,0.25,27,54,17.860109567642212,0.0
1779528347.0754337,0.0,0.0,0.1989675347273536,0.0,0.0,0.0,0.0,1.5048000000000001,-0.2376,0.0,0.0,0.2,0.0,0.0,0.1989675347273536,-0.0020777729190408684,0.0,0.0,square,2,0.2,0.25,27,54,17.870115280151367,0.0
1779528347.0854125,0.0,0.0,0.1989675347273536,-0.0020777729190408684,0.0,0.0,-0.0396,1.6236000000000002,-0.2376,0.0,0.0,0.2,0.0,0.0,0.1989675347273536,0.0,0.0,0.0,square,2,0.2,0.25,27,54,17.879992246627808,0.0
1779528347.0953836,0.0,0.0,0.1989675347273536,0.0,0.0,0.0,-0.0396,1.6236000000000002,-0.198,0.0,0.0,0.2,0.0,0.0,0.1989675347273536,0.0,0.0,-0.0020777729190408684,square,2,0.2,0.25,27,54,17.889971017837524,0.0
1779528347.1055524,0.0,0.0,0.1989675347273536,0.0,0.0,-0.0020777729190408684,-0.0792,1.6236000000000002,-0.2376,0.0,0.0,0.2,0.0,0.0,0.1989675347273536,0.0,0.0,0.0,square,2,0.2,0.25,27,54,17.89994215965271,0.0
1779528347.1155207,0.0,0.0,0.1989675347273536,0.0,0.0,0.0,0.0,1.6236000000000002,-0.1584,0.0,0.0,0.2,0.0,0.0,0.1989675347273536,0.0,0.0,0.0,square,2,0.2,0.25,27,54,17.91011095046997,0.0
1779528347.1254137,0.0,0.0,0.1989675347273536,0.0,0.0,0.0,-0.0396,1.5444,-0.3168,0.0,0.0,0.2,0.0,0.0,0.1989675347273536,0.0,0.0,0.0,square,2,0.2,0.25,27,54,17.920079231262207,0.0
1779528347.135414,0.0,0.0,0.1989675347273536,0.0,0.0,0.0,-0.0396,1.7028,-0.27720000000000006,0.0,0.0,0.2,0.0,0.0,0.1989675347273536,0.0020777729190408684,0.0,0.0,square,2,0.2,0.25,27,54,17.929972171783447,0.0
1779528347.1455867,0.0,0.0,0.1989675347273536,0.0020777729190408684,0.0,0.0,-0.0792,1.5444,-0.2376,0.0,0.0,0.2,0.0,0.0,0.1989675347273536,0.0,0.0,0.0,square,2,0.2,0.25,27,54,17.939972400665283,0.0
1779528347.1554117,0.0,0.0,0.1989675347273536,0.0,0.0,0.0,0.0,1.4652,-0.2376,0.0,0.0,0.2,0.0,0.0,0.1989675347273536,0.0,0.0,0.0,square,2,0.2,0.25,27,54,17.95014524459839,0.0
1779528347.1655354,0.0,0.0,0.1989675347273536,0.0,0.0,0.0,-0.0792,1.584,-0.1188,0.0,0.0,0.2,0.0,0.0,0.1989675347273536,0.0,0.0,0.0,square,2,0.2,0.25,27,54,17.959970235824585,0.0
1779528347.1754107,0.0,0.0,0.1989675347273536,0.0,0.0,0.0,-0.0396,1.5444,-0.27720000000000006,0.0,0.0,0.2,0.0,0.0,0.1989675347273536,0.0,0.0,0.0,square,2,0.2,0.25,27,54,17.970093965530396,0.0
1779528347.1854146,0.0,0.0,0.1989675347273536,0.0,0.0,0.0,0.0,1.5048000000000001,-0.35639999999999994,0.0,0.0,0.2,0.0,0.0,0.1989675347273536,-0.0020777729190408684,0.0,0.0,square,2,0.2,0.25,27,54,17.979969263076782,0.0
1779528347.1955686,0.0,0.0,0.1989675347273536,-0.0020777729190408684,0.0,0.0,-0.0396,1.5444,-0.27720000000000006,0.0,0.0,0.2,0.0,0.0,0.1989675347273536,0.0020777729190408684,0.0,0.0,square,2,0.2,0.25,27,54,17.989973068237305,0.0
1779528347.2055721,0.0,0.0,0.1989675347273536,0.0020777729190408684,0.0,0.0,0.0,1.5444,-0.2376,0.0,0.0,-0.2,0.0,0.0,0.1989675347273536,0.0,0.0,0.0,square,2,0.2,0.25,27,54,18.00012707710266,0.0
1779528347.2154317,0.0,0.0,0.1989675347273536,0.0,0.0,0.0,0.0,1.5444,-0.27720000000000006,0.0,0.0,-0.2,0.0,0.0,0.1989675347273536,0.0,0.0,-0.004155545838081737,square,2,0.2,0.25,27,54,18.010130643844604,0.0
1779528347.225513,0.0,0.0,0.1989675347273536,0.0,0.0,-0.004155545838081737,-0.1584,-0.3168,3.6431999999999998,0.0,0.0,-0.2,0.0,0.0,0.1832595714594046,0.0,-0.0020777729190408684,-1.4170411307858721,square,2,0.2,0.25,27,54,18.01999020576477,0.0
1779528347.2354136,0.0,0.0,0.1832595714594046,0.0,-0.0020777729190408684,-1.4170411307858721,0.35639999999999994,0.792,1.3860000000000001,0.0,0.0,-0.2,0.0,0.0,0.1518436449235067,0.0,-0.010388864595204342,-2.82369339697654,square,2,0.2,0.25,27,54,18.0300714969635,0.0
1779528347.245604,0.0,0.0,0.1518436449235067,0.0,-0.010388864595204342,-2.82369339697654,0.0,0.5544000000000001,4.7916,0.0,0.0,-0.2,0.0,0.0,0.10821041362364843,0.0020777729190408684,0.0,-4.012179506667917,square,2,0.2,0.25,27,54,18.039972066879272,0.0
1779528347.255414,0.0,0.0,0.10821041362364843,0.0020777729190408684,0.0,-4.012179506667917,0.198,1.2672,1.98,0.0,0.0,-0.2,0.0,0.0,0.061086523819801536,0.0,0.0,-4.554478238537583,square,2,0.2,0.25,27,54,18.05016255378723,0.0
1779528347.2655675,0.0,0.0,0.061086523819801536,0.0,0.0,-4.554478238537583,0.1188,1.2276,0.6336,0.0,0.0,-0.2,0.0,0.0,0.015707963267948967,0.0,0.006233318757122605,-4.52123387183293,square,2,0.2,0.25,27,54,18.059972524642944,0.0
1779528347.2754116,0.0,0.0,0.015707963267948967,0.0,0.006233318757122605,-4.52123387183293,-0.1188,1.7028,-4.1976,0.0,0.0,-0.2,0.0,0.0,-0.019198621771937627,-0.0020777729190408684,0.010388864595204342,-3.850113218982729,square,2,0.2,0.25,27,54,18.070126056671143,0.0
1779528347.2854123,0.0,0.0,-0.019198621771937627,-0.0020777729190408684,0.010388864595204342,-3.850113218982729,-0.1188,1.9008,-0.7524000000000001,0.0,0.0,-0.2,0.0,0.0,-0.050614548307835565,-0.004155545838081737,0.004155545838081737,-3.2600257099751224,square,2,0.2,0.25,27,54,18.079970121383667,0.0
1779528347.295603,0.0,0.0,-0.050614548307835565,-0.004155545838081737,0.004155545838081737,-3.2600257099751224,0.0396,1.7424,-0.5544000000000001,0.0,0.0,-0.2,0.0,0.0,-0.07853981633974483,-0.0020777729190408684,0.0,-2.8174600782194177,square,2,0.2,0.25,27,54,18.08997082710266,0.0
1779528347.3054128,0.0,0.0,-0.07853981633974483,-0.0020777729190408684,0.0,-2.8174600782194177,-0.0792,1.7424,-1.3464,0.0,0.0,-0.2,0.0,0.0,-0.10122909661567113,0.004155545838081737,0.0,-2.356194490192345,square,2,0.2,0.25,27,54,18.1001615524292,0.0
1779528347.3155782,0.0,0.0,-0.10122909661567113,0.004155545838081737,0.0,-2.356194490192345,-0.1188,1.4255999999999998,-0.1188,0.0,0.0,-0.2,0.0,0.0,-0.11868238913561442,0.0020777729190408684,0.0,-1.9655731814126616,square,2,0.2,0.25,27,54,18.109971284866333,0.0
1779528347.325421,0.0,0.0,-0.11868238913561442,0.0020777729190408684,0.0,-1.9655731814126616,-0.198,1.5048000000000001,-0.396,0.0,0.0,-0.2,0.0,0.0,-0.1343903524035634,0.0,0.0,-1.6310517414470818,square,2,0.2,0.25,27,54,18.120136737823486,0.0
1779528347.335638,0.0,0.0,-0.1343903524035634,0.0,0.0,-1.6310517414470818,-0.1584,1.5444,-0.1188,0.0,0.0,-0.2,0.0,0.0,-0.14835298641951802,0.0020777729190408684,-0.0020777729190408684,-1.3484746244575236,square,2,0.2,0.25,27,54,18.129979610443115,0.0
1779528347.3454254,0.0,0.0,-0.14835298641951802,0.0020777729190408684,-0.0020777729190408684,-1.3484746244575236,0.1584,1.4652,0.0,0.0,0.0,-0.2,0.0,0.0,-0.158824961931484,0.0,0.0,-1.1012196470916602,square,2,0.2,0.25,27,54,18.140196561813354,0.0
1779528347.3554146,0.0,0.0,-0.158824961931484,0.0,0.0,-1.1012196470916602,-0.1188,1.3464,0.1188,0.0,0.0,-0.2,0.0,0.0,-0.1658062789394613,0.0,0.0,-0.9017534468637369,square,2,0.2,0.25,27,54,18.149983882904053,0.0
1779528347.3655477,0.0,0.0,-0.1658062789394613,0.0,0.0,-0.9017534468637369,0.0,1.4255999999999998,-0.1584,0.0,0.0,-0.2,0.0,0.0,-0.17278759594743864,0.0,0.0,-0.7313760675023857,square,2,0.2,0.25,27,54,18.15997314453125,0.0
1779528347.3756046,0.0,0.0,-0.17278759594743864,0.0,0.0,-0.7313760675023857,-0.0792,1.3068,0.1584,0.0,0.0,-0.2,0.0,0.0,-0.17976891295541597,0.0,0.0,-0.5859319631695249,square,2,0.2,0.25,27,54,18.170106172561646,0.0
1779528347.3853838,0.0,0.0,-0.17976891295541597,0.0,0.0,-0.5859319631695249,-0.0396,1.3860000000000001,-0.1188,0.0,0.0,-0.2,0.0,0.0,-0.1832595714594046,0.0,0.0,-0.48204331721748145,square,2,0.2,0.25,27,54,18.180163145065308,0.0
1779528347.3954134,0.0,0.0,-0.1832595714594046,0.0,0.0,-0.48204331721748145,0.0,1.4255999999999998,0.198,0.0,0.0,-0.2,0.0,0.0,-0.1867502299633933,0.0,0.0,-0.37192135250831543,square,2,0.2,0.25,27,54,18.189942359924316,0.0
1779528347.4054153,0.0,0.0,-0.1867502299633933,0.0,0.0,-0.37192135250831543,-0.0396,1.3464,0.35639999999999994,0.0,0.0,-0.2,0.0,0.0,-0.19024088846738194,-0.0020777729190408684,0.0,-0.30543261909900765,square,2,0.2,0.25,27,54,18.199971914291382,0.0
1779528347.415594,0.0,0.0,-0.19024088846738194,-0.0020777729190408684,0.0,-0.30543261909900765,0.0,1.4255999999999998,-0.198,0.0,0.0,-0.2,0.0,0.0,-0.19198621771937624,0.0020777729190408684,-0.0020777729190408684,-0.2243994752564138,square,2,0.2,0.25,27,54,18.20997381210327,0.0
1779528347.4254155,0.0,0.0,-0.19198621771937624,0.0020777729190408684,-0.0020777729190408684,-0.2243994752564138,-0.0396,1.4255999999999998,0.27720000000000006,0.0,0.0,-0.2,0.0,0.0,-0.1937315469713706,0.004155545838081737,0.0,-0.19531065438984163,square,2,0.2,0.25,27,54,18.220152616500854,0.0
1779528347.4354148,0.0,0.0,-0.1937315469713706,0.004155545838081737,0.0,-0.19531065438984163,-0.0792,1.3860000000000001,0.0,0.0,0.0,-0.2,0.0,0.0,-0.1954768762233649,0.004155545838081737,0.0,-0.15583296892806514,square,2,0.2,0.25,27,54,18.229974031448364,0.0
1779528347.445414,0.0,0.0,-0.1954768762233649,0.004155545838081737,0.0,-0.15583296892806514,0.2376,1.3860000000000001,0.1584,0.0,0.0,-0.2,0.0,0.0,-0.19722220547535924,0.0020777729190408684,0.0,-0.11427751054724776,square,2,0.2,0.25,27,54,18.239973306655884,0.0
1779528347.4555788,0.0,0.0,-0.19722220547535924,0.0020777729190408684,0.0,-0.11427751054724776,0.198,1.3860000000000001,0.396,0.0,0.0,-0.2,0.0,0.0,-0.19722220547535924,0.0,0.0,-0.078955370923553,square,2,0.2,0.25,27,54,18.249972581863403,0.0
1779528347.4654145,0.0,0.0,-0.19722220547535924,0.0,0.0,-0.078955370923553,0.1188,1.3068,0.6732,0.0,0.0,-0.2,0.0,0.0,-0.19722220547535924,-0.0020777729190408684,-0.0020777729190408684,-0.05402209589506258,square,2,0.2,0.25,27,54,18.26013731956482,0.0
1779528347.475565,0.0,0.0,-0.19722220547535924,-0.0020777729190408684,-0.0020777729190408684,-0.05402209589506258,0.0,1.2276,1.1483999999999999,0.0,0.0,-0.2,0.0,0.0,-0.19722220547535924,-0.004155545838081737,0.0,-0.04986655005698084,square,2,0.2,0.25,27,54,18.269973039627075,0.0
1779528347.4855576,0.0,0.0,-0.19722220547535924,-0.004155545838081737,0.0,-0.04986655005698084,-0.0792,1.3464,0.9107999999999999,0.0,0.0,-0.2,0.0,0.0,-0.1989675347273536,-0.004155545838081737,0.0020777729190408684,-0.035322139623694765,square,2,0.2,0.25,27,54,18.280123472213745,0.0
1779528347.495575,0.0,0.0,-0.1989675347273536,-0.004155545838081737,0.0020777729190408684,-0.035322139623694765,-0.1584,1.3860000000000001,0.9107999999999999,0.0,0.0,-0.2,0.0,0.0,-0.1989675347273536,0.0,0.0,-0.022855502109449553,square,2,0.2,0.25,27,54,18.29011607170105,0.0
1779528347.505412,0.0,0.0,-0.1989675347273536,0.0,0.0,-0.022855502109449553,-0.0396,1.3464,1.0692,0.0,0.0,-0.2,0.0,0.0,-0.1989675347273536,0.004155545838081737,0.0,-0.020777729190408684,square,2,0.2,0.25,27,54,18.30013346672058,0.0
1779528347.5154183,0.0,0.0,-0.1989675347273536,0.004155545838081737,0.0,-0.020777729190408684,0.0,1.3464,0.7524000000000001,0.0,0.0,-0.2,0.0,0.0,-0.1989675347273536,0.0,0.0,-0.022855502109449553,square,2,0.2,0.25,27,54,18.30997061729431,0.0
1779528347.5254161,0.0,0.0,-0.1989675347273536,0.0,0.0,-0.022855502109449553,-0.0396,1.2672,0.5544000000000001,0.0,0.0,-0.2,0.0,0.0,-0.1989675347273536,0.0020777729190408684,0.0,-0.01246663751424521,square,2,0.2,0.25,27,54,18.319976806640625,0.0
1779528347.535415,0.0,0.0,-0.1989675347273536,0.0020777729190408684,0.0,-0.01246663751424521,-0.0792,1.2672,0.5148,0.0,0.0,-0.2,0.0,0.0,-0.1989675347273536,0.0,0.0,-0.006233318757122605,square,2,0.2,0.25,27,54,18.32997465133667,0.0
1779528347.5455117,0.0,0.0,-0.1989675347273536,0.0,0.0,-0.006233318757122605,-0.0792,1.2276,0.5148,0.0,0.0,-0.2,0.0,0.0,-0.1989675347273536,0.0,0.0,-0.006233318757122605,square,2,0.2,0.25,27,54,18.33997344970703,0.0
1779528347.555434,0.0,0.0,-0.1989675347273536,0.0,0.0,-0.006233318757122605,-0.0792,1.2276,0.5148,0.0,0.0,-0.2,0.0,0.0,-0.1989675347273536,0.0,0.0,-0.0020777729190408684,square,2,0.2,0.25,27,54,18.350070238113403,0.0
1779528347.5654166,0.0,0.0,-0.1989675347273536,0.0,0.0,-0.0020777729190408684,-0.0396,1.2672,0.4356,0.0,0.0,-0.2,0.0,0.0,-0.1989675347273536,0.0,0.0,-0.0020777729190408684,square,2,0.2,0.25,27,54,18.359992504119873,0.0
1779528347.575417,0.0,0.0,-0.1989675347273536,0.0,0.0,-0.0020777729190408684,-0.0396,1.2672,0.4356,0.0,0.0,-0.2,0.0,0.0,-0.1989675347273536,0.0,0.0,0.0,square,2,0.2,0.25,27,54,18.369975090026855,0.0
1779528347.5854156,0.0,0.0,-0.1989675347273536,0.0,0.0,0.0,-0.0396,1.3860000000000001,0.4752,0.0,0.0,-0.2,0.0,0.0,-0.1989675347273536,0.0,0.0,0.0,square,2,0.2,0.25,27,54,18.37997555732727,0.0
1779528347.5954158,0.0,0.0,-0.1989675347273536,0.0,0.0,0.0,0.0,1.3860000000000001,0.396,0.0,0.0,-0.2,0.0,0.0,-0.1989675347273536,0.0,0.0,0.0,square,2,0.2,0.25,27,54,18.389974117279053,0.0
1779528347.6054258,0.0,0.0,-0.1989675347273536,0.0,0.0,0.0,0.0,1.3068,0.4752,0.0,0.0,-0.2,0.0,0.0,-0.1989675347273536,0.0,0.0,0.0,square,2,0.2,0.25,27,54,18.39997434616089,0.0
1779528347.6154146,0.0,0.0,-0.1989675347273536,0.0,0.0,0.0,0.0,1.2672,0.35639999999999994,0.0,0.0,-0.2,0.0,0.0,-0.1989675347273536,0.0,0.0,0.0,square,2,0.2,0.25,27,54,18.409984350204468,0.0
1779528347.625941,0.0,0.0,-0.1989675347273536,0.0,0.0,0.0,0.0,1.2276,0.35639999999999994,0.0,0.0,-0.2,0.0,0.0,-0.1989675347273536,0.0,0.0,0.0,square,2,0.2,0.25,27,54,18.419973134994507,0.0
1779528347.6354246,0.0,0.0,-0.1989675347273536,0.0,0.0,0.0,-0.0396,1.1483999999999999,0.396,0.0,0.0,-0.2,0.0,0.0,-0.1989675347273536,0.0020777729190408684,0.0,0.0,square,2,0.2,0.25,27,54,18.43049955368042,0.0
1779528347.6454146,0.0,0.0,-0.1989675347273536,0.0020777729190408684,0.0,0.0,-0.0792,1.1880000000000002,0.3168,0.0,0.0,-0.2,0.0,0.0,-0.1989675347273536,0.0020777729190408684,0.0,0.0,square,2,0.2,0.25,27,54,18.439983129501343,0.0
1779528347.6554174,0.0,0.0,-0.1989675347273536,0.0020777729190408684,0.0,0.0,0.1188,1.2276,-0.3168,0.0,0.0,-0.2,0.0,0.0,-0.1989675347273536,0.0,0.0,0.0,square,2,0.2,0.25,27,54,18.449973106384277,0.0
1779528347.6653838,0.0,0.0,-0.1989675347273536,0.0,0.0,0.0,0.1188,1.1483999999999999,-0.35639999999999994,0.0,0.0,-0.2,0.0,0.0,-0.1989675347273536,0.0,0.0,0.0,square,2,0.2,0.25,27,54,18.459975957870483,0.0
1779528347.6754162,0.0,0.0,-0.1989675347273536,0.0,0.0,0.0,-0.0792,1.1880000000000002,-0.35639999999999994,0.0,0.0,-0.2,0.0,0.0,-0.1989675347273536,0.0,0.0,0.0,square,2,0.2,0.25,27,54,18.469942331314087,0.0
1779528347.6854138,0.0,0.0,-0.1989675347273536,0.0,0.0,0.0,0.0,1.2672,-0.27720000000000006,0.0,0.0,-0.2,0.0,0.0,-0.1989675347273536,-0.0020777729190408684,0.0,0.0,square,2,0.2,0.25,27,54,18.4799747467041,0.0
1779528347.6954195,0.0,0.0,-0.1989675347273536,-0.0020777729190408684,0.0,0.0,0.0,1.2672,-0.27720000000000006,0.0,0.0,-0.2,0.0,0.0,-0.1989675347273536,-0.0020777729190408684,0.0,0.0,square,2,0.2,0.25,27,54,18.489972352981567,0.0
1779528347.7054543,0.0,0.0,-0.1989675347273536,-0.0020777729190408684,0.0,0.0,-0.0792,1.1483999999999999,-0.27720000000000006,0.0,0.0,-0.2,0.0,0.0,-0.1989675347273536,0.0,0.0,-0.0020777729190408684,square,2,0.2,0.25,27,54,18.499978065490723,0.0
1779528347.7153845,0.0,0.0,-0.1989675347273536,0.0,0.0,-0.0020777729190408684,0.0,1.2276,-0.27720000000000006,0.0,0.0,-0.2,0.0,0.0,-0.1989675347273536,0.0020777729190408684,0.0,0.0,square,2,0.2,0.25,27,54,18.51001286506653,0.0
1779528347.725419,0.0,0.0,-0.1989675347273536,0.0020777729190408684,0.0,0.0,-0.0396,1.2276,-0.3168,0.0,0.0,-0.2,0.0,0.0,-0.1989675347273536,0.0020777729190408684,0.0,0.0,square,2,0.2,0.25,27,54,18.51994299888611,0.0
1779528347.7354171,0.0,0.0,-0.1989675347273536,0.0020777729190408684,0.0,0.0,-0.0792,1.2672,-0.2376,0.0,0.0,-0.2,0.0,0.0,-0.1989675347273536,0.0,-0.0020777729190408684,0.0,square,2,0.2,0.25,27,54,18.529977560043335,0.0
1779528347.7454143,0.0,0.0,-0.1989675347273536,0.0,-0.0020777729190408684,0.0,-0.0792,1.1088000000000002,-0.1188,0.0,0.0,-0.2,0.0,0.0,-0.1989675347273536,0.0,0.0,0.0,square,2,0.2,0.25,27,54,18.53997564315796,0.0
1779528347.755443,0.0,0.0,-0.1989675347273536,0.0,0.0,0.0,-0.1188,1.1880000000000002,-0.1584,0.0,0.0,-0.2,0.0,0.0,-0.1989675347273536,0.0,0.0,0.0,square,2,0.2,0.25,27,54,18.549972772598267,0.0
1779528347.765418,0.0,0.0,-0.1989675347273536,0.0,0.0,0.0,-0.0396,1.2672,0.1584,0.0,0.0,-0.2,0.0,0.0,-0.1989675347273536,0.0,0.0,0.0,square,2,0.2,0.25,27,54,18.560001611709595,0.0
1779528347.775414,0.0,0.0,-0.1989675347273536,0.0,0.0,0.0,-0.0396,1.2672,0.1584,0.0,0.0,-0.2,0.0,0.0,-0.1989675347273536,0.0,0.0,0.0,square,2,0.2,0.25,27,54,18.569976568222046,0.0
1779528347.7853916,0.0,0.0,-0.1989675347273536,0.0,0.0,0.0,-0.0396,1.1088000000000002,0.2376,0.0,0.0,-0.2,0.0,0.0,-0.1989675347273536,0.0,0.0,0.0,square,2,0.2,0.25,27,54,18.579972505569458,0.0
1779528347.7961588,0.0,0.0,-0.1989675347273536,0.0,0.0,0.0,0.0,1.1880000000000002,0.2376,0.0,0.0,-0.2,0.0,0.0,-0.1989675347273536,0.0,0.0,0.0,square,2,0.2,0.25,27,54,18.58995008468628,0.0
1779528347.8054354,0.0,0.0,-0.1989675347273536,0.0,0.0,0.0,0.0,1.1880000000000002,0.1584,0.0,0.0,-0.2,0.0,0.0,-0.1989675347273536,0.0,0.0,0.0020777729190408684,square,2,0.2,0.25,27,54,18.600717306137085,0.0
1779528347.8154345,0.0,0.0,-0.1989675347273536,0.0,0.0,0.0020777729190408684,0.0,1.2276,0.0396,0.0,0.0,-0.2,0.0,0.0,-0.1989675347273536,0.0,0.0,0.0,square,2,0.2,0.25,27,54,18.609993934631348,0.0
1779528347.825432,0.0,0.0,-0.1989675347273536,0.0,0.0,0.0,0.0,1.1880000000000002,0.1584,0.0,0.0,-0.2,0.0,0.0,-0.1989675347273536,0.0,0.0,0.0,square,2,0.2,0.25,27,54,18.619992971420288,0.0
1779528347.835473,0.0,0.0,-0.1989675347273536,0.0,0.0,0.0,-0.0792,1.2276,0.0792,0.0,0.0,-0.2,0.0,0.0,-0.1989675347273536,0.0,0.0,0.0,square,2,0.2,0.25,27,54,18.629990577697754,0.0
1779528347.8454168,0.0,0.0,-0.1989675347273536,0.0,0.0,0.0,-0.0792,1.2672,0.0396,0.0,0.0,-0.2,0.0,0.0,-0.1989675347273536,0.0,0.0,0.0020777729190408684,square,2,0.2,0.25,27,54,18.640031576156616,0.0
1779528347.855417,0.0,0.0,-0.1989675347273536,0.0,0.0,0.0020777729190408684,-0.1188,1.0692,-0.1188,0.0,0.0,-0.2,0.0,0.0,-0.1989675347273536,0.0,0.0,0.0,square,2,0.2,0.25,27,54,18.649975299835205,0.0
1779528347.8654168,0.0,0.0,-0.1989675347273536,0.0,0.0,0.0,0.0,1.2672,0.0396,0.0,0.0,-0.2,0.0,0.0,-0.1989675347273536,0.0,0.0,0.0,square,2,0.2,0.25,27,54,18.65997552871704,0.0
1779528347.8754175,0.0,0.0,-0.1989675347273536,0.0,0.0,0.0,0.0,1.1880000000000002,0.0396,0.0,0.0,-0.2,0.0,0.0,-0.1989675347273536,0.0,0.0,0.0,square,2,0.2,0.25,27,54,18.66997528076172,0.0
1779528347.8854518,0.0,0.0,-0.1989675347273536,0.0,0.0,0.0,0.0,1.1483999999999999,0.1584,0.0,0.0,-0.2,0.0,0.0,-0.1989675347273536,0.0,0.0,0.0,square,2,0.2,0.25,27,54,18.679975986480713,0.0
1779528347.8954136,0.0,0.0,-0.1989675347273536,0.0,0.0,0.0,0.0,1.1088000000000002,0.0792,0.0,0.0,-0.2,0.0,0.0,-0.1989675347273536,0.0,0.0,0.0,square,2,0.2,0.25,27,54,18.69001030921936,0.0
1779528347.9054155,0.0,0.0,-0.1989675347273536,0.0,0.0,0.0,0.0,1.1483999999999999,0.198,0.0,0.0,-0.2,0.0,0.0,-0.1989675347273536,0.0,0.0,0.0,square,2,0.2,0.25,27,54,18.69997215270996,0.0
1779528347.9157507,0.0,0.0,-0.1989675347273536,0.0,0.0,0.0,-0.0396,1.2672,0.198,0.0,0.0,-0.2,0.0,0.0,-0.1989675347273536,0.0,0.0,0.0,square,2,0.2,0.25,27,54,18.70997405052185,0.0
1779528347.9254155,0.0,0.0,-0.1989675347273536,0.0,0.0,0.0,-0.0792,1.0296,0.0792,0.0,0.0,-0.2,0.0,0.0,-0.1989675347273536,0.0020777729190408684,0.0,0.0,square,2,0.2,0.25,27,54,18.720309257507324,0.0
1779528347.935413,0.0,0.0,-0.1989675347273536,0.0020777729190408684,0.0,0.0,0.1188,1.1483999999999999,0.1584,0.0,0.0,-0.2,0.0,0.0,-0.1989675347273536,0.0,0.0,0.0,square,2,0.2,0.25,27,54,18.729974031448364,0.0
1779528347.9454463,0.0,0.0,-0.1989675347273536,0.0,0.0,0.0,-0.0792,1.0692,0.1188,0.0,0.0,-0.2,0.0,0.0,-0.1989675347273536,0.0,0.0,0.0,square,2,0.2,0.25,27,54,18.73997139930725,0.0
1779528347.955414,0.0,0.0,-0.1989675347273536,0.0,0.0,0.0,-0.0396,1.1483999999999999,0.1188,0.0,0.0,-0.2,0.0,0.0,-0.1989675347273536,-0.0020777729190408684,0.0,0.0,square,2,0.2,0.25,27,54,18.750004768371582,0.0
1779528347.9654114,0.0,0.0,-0.1989675347273536,-0.0020777729190408684,0.0,0.0,0.0396,1.1880000000000002,0.0792,0.0,0.0,-0.2,0.0,0.0,-0.1989675347273536,-0.0020777729190408684,-0.0020777729190408684,0.0,square,2,0.2,0.25,27,54,18.75997257232666,0.0
1779528347.9754162,0.0,0.0,-0.1989675347273536,-0.0020777729190408684,-0.0020777729190408684,0.0,0.0,1.2672,0.1584,0.0,0.0,-0.2,0.0,0.0,-0.1989675347273536,-0.0020777729190408684,0.0,0.0,square,2,0.2,0.25,27,54,18.769969940185547,0.0
1779528347.9854152,0.0,0.0,-0.1989675347273536,-0.0020777729190408684,0.0,0.0,-0.0396,1.1880000000000002,0.0396,0.0,0.0,-0.2,0.0,0.0,-0.1989675347273536,0.0,0.0,0.0,square,2,0.2,0.25,27,54,18.779974699020386,0.0
1779528347.995414,0.0,0.0,-0.1989675347273536,0.0,0.0,0.0,0.0,1.1483999999999999,0.0396,0.0,0.0,-0.2,0.0,0.0,-0.1989675347273536,0.0,0.0,0.0,square,2,0.2,0.25,27,54,18.789973735809326,0.0
1779528348.005457,0.0,0.0,-0.1989675347273536,0.0,0.0,0.0,0.0,1.1088000000000002,0.0,0.0,0.0,-0.2,0.0,0.0,-0.1989675347273536,0.0,-0.0020777729190408684,0.0,square,2,0.2,0.25,27,54,18.799972534179688,0.0
1779528348.0154154,0.0,0.0,-0.1989675347273536,0.0,-0.0020777729190408684,0.0,0.0,1.1483999999999999,0.1584,0.0,0.0,-0.2,0.0,0.0,-0.1989675347273536,0.0,0.0,0.0,square,2,0.2,0.25,27,54,18.810015439987183,0.0
1779528348.0254114,0.0,0.0,-0.1989675347273536,0.0,0.0,0.0,0.0,1.0692,0.0792,0.0,0.0,-0.2,0.0,0.0,-0.1989675347273536,0.0020777729190408684,0.0,0.0,square,2,0.2,0.25,27,54,18.819973945617676,0.0
1779528348.035414,0.0,0.0,-0.1989675347273536,0.0020777729190408684,0.0,0.0,-0.0792,1.0296,0.0,0.0,0.0,-0.2,0.0,0.0,-0.1989675347273536,0.0,0.0,0.0,square,2,0.2,0.25,27,54,18.829969882965088,0.0
1779528348.0454195,0.0,0.0,-0.1989675347273536,0.0,0.0,0.0,-0.0792,1.0296,0.198,0.0,0.0,-0.2,0.0,0.0,-0.1989675347273536,0.0,0.0,0.0,square,2,0.2,0.25,27,54,18.839972496032715,0.0
1779528348.0554125,0.0,0.0,-0.1989675347273536,0.0,0.0,0.0,0.0,0.99,0.0792,0.0,0.0,-0.2,0.0,0.0,-0.1989675347273536,0.0,0.0020777729190408684,0.0,square,2,0.2,0.25,27,54,18.84997797012329,0.0
1779528348.0654156,0.0,0.0,-0.1989675347273536,0.0,0.0020777729190408684,0.0,-0.0396,1.0296,-0.198,0.0,0.0,-0.2,0.0,0.0,-0.1989675347273536,0.0,0.0,0.0,square,2,0.2,0.25,27,54,18.859971046447754,0.0
1779528348.0753975,0.0,0.0,-0.1989675347273536,0.0,0.0,0.0,0.0,1.0692,0.0792,0.0,0.0,-0.2,0.0,0.0,-0.1989675347273536,0.0,0.0,0.0,square,2,0.2,0.25,27,54,18.86997413635254,0.0
1779528348.0856268,0.0,0.0,-0.1989675347273536,0.0,0.0,0.0,0.0,1.0692,0.0792,0.0,0.0,-0.2,0.0,0.0,-0.1989675347273536,0.0,0.0,0.0,square,2,0.2,0.25,27,54,18.879956007003784,0.0
1779528348.095414,0.0,0.0,-0.1989675347273536,0.0,0.0,0.0,0.0,1.2276,-0.0396,0.0,0.0,-0.2,0.0,0.0,-0.1989675347273536,0.0020777729190408684,0.0,0.0,square,2,0.2,0.25,27,54,18.890185356140137,0.0
1779528348.105443,0.0,0.0,-0.1989675347273536,0.0020777729190408684,0.0,0.0,0.0,1.2276,0.0,0.0,0.0,-0.2,0.0,0.0,-0.1989675347273536,0.0020777729190408684,-0.0020777729190408684,0.0,square,2,0.2,0.25,27,54,18.899972438812256,0.0
1779528348.1154757,0.0,0.0,-0.1989675347273536,0.0020777729190408684,-0.0020777729190408684,0.0,0.0,1.2276,0.0,0.0,0.0,-0.2,0.0,0.0,-0.1989675347273536,0.0,0.0,0.0,square,2,0.2,0.25,27,54,18.910001516342163,0.0
1779528348.1254148,0.0,0.0,-0.1989675347273536,0.0,0.0,0.0,-0.0792,1.2276,0.0792,0.0,0.0,-0.2,0.0,0.0,-0.1989675347273536,0.0,0.0,0.0,square,2,0.2,0.25,27,54,18.920034170150757,0.0
1779528348.1354127,0.0,0.0,-0.1989675347273536,0.0,0.0,0.0,-0.0396,0.99,0.1584,0.0,0.0,-0.2,0.0,0.0,-0.1989675347273536,0.0,0.0,0.0,square,2,0.2,0.25,27,54,18.929973363876343,0.0
1779528348.1454163,0.0,0.0,-0.1989675347273536,0.0,0.0,0.0,0.0,1.0296,0.1188,0.0,0.0,-0.2,0.0,0.0,-0.1989675347273536,0.0,0.0,0.0,square,2,0.2,0.25,27,54,18.939971208572388,0.0
1779528348.1554177,0.0,0.0,-0.1989675347273536,0.0,0.0,0.0,0.0,1.1088000000000002,0.198,0.0,0.0,-0.2,0.0,0.0,-0.1989675347273536,0.0,0.0020777729190408684,0.0,square,2,0.2,0.25,27,54,18.94997477531433,0.0
1779528348.1654174,0.0,0.0,-0.1989675347273536,0.0,0.0020777729190408684,0.0,0.0,1.1483999999999999,0.198,0.0,0.0,-0.2,0.0,0.0,-0.1989675347273536,0.0,0.0,0.0,square,2,0.2,0.25,27,54,18.959976196289062,0.0
1779528348.1754155,0.0,0.0,-0.1989675347273536,0.0,0.0,0.0,0.0,1.0692,0.0792,0.0,0.0,-0.2,0.0,0.0,-0.1989675347273536,0.0,0.0,0.0,square,2,0.2,0.25,27,54,18.96997594833374,0.0
1779528348.1854177,0.0,0.0,-0.1989675347273536,0.0,0.0,0.0,-0.0396,1.1483999999999999,0.1188,0.0,0.0,-0.2,0.0,0.0,-0.1989675347273536,0.0,0.0,0.0,square,2,0.2,0.25,27,54,18.979974031448364,0.0
1779528348.195413,0.0,0.0,-0.1989675347273536,0.0,0.0,0.0,0.0,1.1483999999999999,0.0792,0.0,0.0,-0.2,0.0,0.0,-0.1989675347273536,0.0,0.0,0.0,square,2,0.2,0.25,27,54,18.989976167678833,0.0
1779528348.2054164,0.0,0.0,-0.1989675347273536,0.0,0.0,0.0,0.0792,1.1880000000000002,-0.0792,0.0,0.0,-0.2,0.0,0.0,-0.1989675347273536,0.0,0.0,0.0,square,2,0.2,0.25,27,54,18.999971628189087,0.0
1779528348.2154133,0.0,0.0,-0.1989675347273536,0.0,0.0,0.0,0.0,1.1088000000000002,0.1188,0.0,0.0,-0.2,0.0,0.0,-0.1989675347273536,0.0,0.0,0.0,square,2,0.2,0.25,27,54,19.00997495651245,0.0
1779528348.2254105,0.0,0.0,-0.1989675347273536,0.0,0.0,0.0,0.0,1.1088000000000002,0.1188,0.0,0.0,-0.2,0.0,0.0,-0.1989675347273536,0.0,0.0,0.0,square,2,0.2,0.25,27,54,19.01997184753418,0.0
1779528348.235417,0.0,0.0,-0.1989675347273536,0.0,0.0,0.0,0.0,1.1088000000000002,-0.0792,0.0,0.0,-0.2,0.0,0.0,-0.1989675347273536,0.0,0.0,0.0,square,2,0.2,0.25,27,54,19.029968976974487,0.0
1779528348.2454188,0.0,0.0,-0.1989675347273536,0.0,0.0,0.0,0.0396,1.2276,-0.0792,0.0,0.0,-0.2,0.0,0.0,-0.1989675347273536,0.0,0.0,0.0,square,2,0.2,0.25,27,54,19.03997540473938,0.0
1779528348.2554133,0.0,0.0,-0.1989675347273536,0.0,0.0,0.0,-0.0396,1.1483999999999999,0.0396,0.0,0.0,-0.2,0.0,0.0,-0.1989675347273536,0.0,0.0,0.0,square,2,0.2,0.25,27,54,19.04997730255127,0.0
1779528348.2654145,0.0,0.0,-0.1989675347273536,0.0,0.0,0.0,0.0,1.2276,0.0,0.0,0.0,-0.2,0.0,0.0,-0.1989675347273536,0.0,0.0,0.0,square,2,0.2,0.25,27,54,19.059971809387207,0.0
1779528348.275414,0.0,0.0,-0.1989675347273536,0.0,0.0,0.0,0.0,1.1483999999999999,0.0,0.0,0.0,-0.2,0.0,0.0,-0.1989675347273536,0.0,0.0,0.0,square,2,0.2,0.25,27,54,19.06997299194336,0.0
1779528348.285415,0.0,0.0,-0.1989675347273536,0.0,0.0,0.0,0.0,1.1483999999999999,0.0396,0.0,0.0,-0.2,0.0,0.0,-0.1989675347273536,-0.0020777729190408684,0.0,0.0,square,2,0.2,0.25,27,54,19.079972505569458,0.0
1779528348.2954404,0.0,0.0,-0.1989675347273536,-0.0020777729190408684,0.0,0.0,0.0,1.0296,0.0,0.0,0.0,-0.2,0.0,0.0,-0.1989675347273536,0.0,0.0,0.0,square,2,0.2,0.25,27,54,19.08997344970703,0.0
1779528348.3054233,0.0,0.0,-0.1989675347273536,0.0,0.0,0.0,0.0,1.1088000000000002,-0.1584,0.0,0.0,-0.2,0.0,0.0,-0.1989675347273536,0.0,0.0,0.0,square,2,0.2,0.25,27,54,19.099998950958252,0.0
1779528348.315416,0.0,0.0,-0.1989675347273536,0.0,0.0,0.0,0.0,1.0692,0.0792,0.0,0.0,-0.2,0.0,0.0,-0.1989675347273536,0.0,0.0,0.0,square,2,0.2,0.25,27,54,19.109981775283813,0.0
1779528348.3254128,0.0,0.0,-0.1989675347273536,0.0,0.0,0.0,-0.0396,1.1483999999999999,0.0792,0.0,0.0,-0.2,0.0,0.0,-0.1989675347273536,0.0,0.0,0.0,square,2,0.2,0.25,27,54,19.119974613189697,0.0
1779528348.3354125,0.0,0.0,-0.1989675347273536,0.0,0.0,0.0,0.0,1.0296,0.0792,0.0,0.0,-0.2,0.0,0.0,-0.1989675347273536,0.0,0.0,0.0,square,2,0.2,0.25,27,54,19.129971265792847,0.0
1779528348.3454165,0.0,0.0,-0.1989675347273536,0.0,0.0,0.0,0.0,1.1880000000000002,0.0396,0.0,0.0,-0.2,0.0,0.0,-0.1989675347273536,0.0,0.0,0.0,square,2,0.2,0.25,27,54,19.139971017837524,0.0
1779528348.3554173,0.0,0.0,-0.1989675347273536,0.0,0.0,0.0,0.0,1.1483999999999999,-0.0396,0.0,0.0,-0.2,0.0,0.0,-0.1989675347273536,0.0,0.0,0.0,square,2,0.2,0.25,27,54,19.149975061416626,0.0
1779528348.365414,0.0,0.0,-0.1989675347273536,0.0,0.0,0.0,-0.0396,1.1880000000000002,0.1584,0.0,0.0,-0.2,0.0,0.0,-0.1989675347273536,0.0,-0.0020777729190408684,0.0,square,2,0.2,0.25,27,54,19.15997576713562,0.0
1779528348.3756163,0.0,0.0,-0.1989675347273536,0.0,-0.0020777729190408684,0.0,-0.0396,1.1088000000000002,0.198,0.0,0.0,-0.2,0.0,0.0,-0.1989675347273536,0.0,0.0,0.0,square,2,0.2,0.25,27,54,19.16997241973877,0.0
1779528348.385417,0.0,0.0,-0.1989675347273536,0.0,0.0,0.0,0.0,0.99,0.0396,0.0,0.0,-0.2,0.0,0.0,-0.1989675347273536,0.0,0.0,0.0,square,2,0.2,0.25,27,54,19.180174827575684,0.0
1779528348.3954148,0.0,0.0,-0.1989675347273536,0.0,0.0,0.0,-0.0792,1.1880000000000002,0.198,0.0,0.0,-0.2,0.0,0.0,-0.1989675347273536,0.0,0.0,0.0,square,2,0.2,0.25,27,54,19.18997550010681,0.0
1779528348.4055343,0.0,0.0,-0.1989675347273536,0.0,0.0,0.0,0.0,1.1880000000000002,0.2376,0.0,0.0,-0.2,0.0,0.0,-0.1989675347273536,0.0,0.0,0.0,square,2,0.2,0.25,27,54,19.199973344802856,0.0
1779528348.4154155,0.0,0.0,-0.1989675347273536,0.0,0.0,0.0,-0.0396,1.1483999999999999,0.0396,0.0,0.0,-0.2,0.0,0.0,-0.1989675347273536,0.0,0.0,0.0,square,2,0.2,0.25,27,54,19.210092782974243,0.0
1779528348.4263268,0.0,0.0,-0.1989675347273536,0.0,0.0,0.0,0.0,1.1483999999999999,0.0396,0.0,0.0,-0.2,0.0,0.0,-0.1989675347273536,-0.0020777729190408684,0.0,0.0,square,2,0.2,0.25,27,54,19.219974040985107,0.0
1779528348.4354334,0.0,0.0,-0.1989675347273536,-0.0020777729190408684,0.0,0.0,0.0,1.1880000000000002,0.1188,0.0,0.0,-0.2,0.0,0.0,-0.1989675347273536,0.0,0.0,0.0,square,2,0.2,0.25,27,54,19.23088526725769,0.0
1779528348.445416,0.0,0.0,-0.1989675347273536,0.0,0.0,0.0,-0.0396,1.0296,0.198,0.0,0.0,-0.2,0.0,0.0,-0.1989675347273536,0.0020777729190408684,0.0,0.0,square,2,0.2,0.25,27,54,19.239991903305054,0.0
1779528348.4554105,0.0,0.0,-0.1989675347273536,0.0020777729190408684,0.0,0.0,0.0,1.1880000000000002,0.2376,0.0,0.0,-0.2,0.0,0.0,-0.1989675347273536,0.0,0.0,0.0,square,2,0.2,0.25,27,54,19.249974489212036,0.0
1779528348.4654148,0.0,0.0,-0.1989675347273536,0.0,0.0,0.0,0.0,1.2276,0.1188,0.0,0.0,-0.2,0.0,0.0,-0.1989675347273536,0.0,0.0020777729190408684,0.0,square,2,0.2,0.25,27,54,19.259968996047974,0.0
1779528348.475415,0.0,0.0,-0.1989675347273536,0.0,0.0020777729190408684,0.0,0.0,1.1483999999999999,0.0792,0.0,0.0,-0.2,0.0,0.0,-0.1989675347273536,0.0,0.0,0.0,square,2,0.2,0.25,27,54,19.269973278045654,0.0
1779528348.4854116,0.0,0.0,-0.1989675347273536,0.0,0.0,0.0,0.0,1.1483999999999999,-0.1584,0.0,0.0,-0.2,0.0,0.0,-0.1989675347273536,0.0,0.0,0.0,square,2,0.2,0.25,27,54,19.27997350692749,0.0
1779528348.4954476,0.0,0.0,-0.1989675347273536,0.0,0.0,0.0,-0.0396,1.1880000000000002,0.1584,0.0,0.0,-0.2,0.0,0.0,-0.1989675347273536,0.0,0.0,0.0,square,2,0.2,0.25,27,54,19.28997015953064,0.0
1779528348.5054178,0.0,0.0,-0.1989675347273536,0.0,0.0,0.0,0.0,1.1483999999999999,0.0792,0.0,0.0,-0.2,0.0,0.0,-0.1989675347273536,0.0,0.0,0.0,square,2,0.2,0.25,27,54,19.30000615119934,0.0
1779528348.5154188,0.0,0.0,-0.1989675347273536,0.0,0.0,0.0,0.0,1.1483999999999999,0.0396,0.0,0.0,-0.2,0.0,0.0,-0.1989675347273536,0.0,0.0,0.0,square,2,0.2,0.25,27,54,19.30997633934021,0.0
1779528348.525417,0.0,0.0,-0.1989675347273536,0.0,0.0,0.0,0.0,1.0296,0.0792,0.0,0.0,-0.2,0.0,0.0,-0.1989675347273536,0.0,0.0,0.0,square,2,0.2,0.25,27,54,19.319977283477783,0.0
1779528348.5354183,0.0,0.0,-0.1989675347273536,0.0,0.0,0.0,0.0,0.99,-0.198,0.0,0.0,-0.2,0.0,0.0,-0.1989675347273536,0.0,0.0,0.0,square,2,0.2,0.25,27,54,19.329975605010986,0.0
1779528348.5454137,0.0,0.0,-0.1989675347273536,0.0,0.0,0.0,0.0,1.0296,0.1188,0.0,0.0,-0.2,0.0,0.0,-0.1989675347273536,0.0,0.0,0.0,square,2,0.2,0.25,27,54,19.33997678756714,0.0
1779528348.555421,0.0,0.0,-0.1989675347273536,0.0,0.0,0.0,-0.0396,0.99,0.0792,0.0,0.0,-0.2,0.0,0.0,-0.1989675347273536,-0.0020777729190408684,0.0,0.0,square,2,0.2,0.25,27,54,19.349972248077393,0.0
1779528348.5654178,0.0,0.0,-0.1989675347273536,-0.0020777729190408684,0.0,0.0,0.0,1.1088000000000002,0.0,0.0,0.0,-0.2,0.0,0.0,-0.1989675347273536,0.0,0.0,0.0,square,2,0.2,0.25,27,54,19.3599796295166,0.0
1779528348.5754325,0.0,0.0,-0.1989675347273536,0.0,0.0,0.0,0.0,1.1483999999999999,-0.1188,0.0,0.0,-0.2,0.0,0.0,-0.1989675347273536,0.0,0.0,0.0,square,2,0.2,0.25,27,54,19.36997628211975,0.0
1779528348.5854192,0.0,0.0,-0.1989675347273536,0.0,0.0,0.0,-0.0396,1.1880000000000002,0.0792,0.0,0.0,-0.2,0.0,0.0,-0.1989675347273536,0.0,0.0,0.0,square,2,0.2,0.25,27,54,19.379991054534912,0.0
1779528348.5954108,0.0,0.0,-0.1989675347273536,0.0,0.0,0.0,0.0,0.99,-0.1584,0.0,0.0,-0.2,0.0,0.0,-0.1989675347273536,0.0,0.0,0.0,square,2,0.2,0.25,27,54,19.38997769355774,0.0
1779528348.6054294,0.0,0.0,-0.1989675347273536,0.0,0.0,0.0,0.0,1.0296,0.2376,0.0,0.0,-0.2,0.0,0.0,-0.1989675347273536,0.0,0.0,0.0,square,2,0.2,0.25,27,54,19.399969339370728,0.0
1779528348.6154218,0.0,0.0,-0.1989675347273536,0.0,0.0,0.0,0.0,1.1483999999999999,0.0396,0.0,0.0,-0.2,0.0,0.0,-0.1989675347273536,0.0,0.0,0.0,square,2,0.2,0.25,27,54,19.409987926483154,0.0
1779528348.6258307,0.0,0.0,-0.1989675347273536,0.0,0.0,0.0,0.0,1.0692,0.1188,0.0,0.0,-0.2,0.0,0.0,-0.1989675347273536,0.0020777729190408684,0.0,0.0,square,2,0.2,0.25,27,54,19.41998028755188,0.0
1779528348.6356292,0.0,0.0,-0.1989675347273536,0.0020777729190408684,0.0,0.0,0.0396,1.1483999999999999,0.2376,0.0,0.0,-0.2,0.0,0.0,-0.1989675347273536,0.0,0.0,0.0,square,2,0.2,0.25,27,54,19.430389165878296,0.0
1779528348.6454172,0.0,0.0,-0.1989675347273536,0.0,0.0,0.0,0.0,1.1483999999999999,0.0396,0.0,0.0,-0.2,0.0,0.0,-0.1989675347273536,-0.0020777729190408684,0.0,0.0,square,2,0.2,0.25,27,54,19.440187692642212,0.0
1779528348.6554387,0.0,0.0,-0.1989675347273536,-0.0020777729190408684,0.0,0.0,0.0,0.99,0.1188,0.0,0.0,-0.2,0.0,0.0,-0.1989675347273536,0.0,0.0,0.0,square,2,0.2,0.25,27,54,19.449975728988647,0.0
1779528348.6654618,0.0,0.0,-0.1989675347273536,0.0,0.0,0.0,0.0,1.1880000000000002,0.198,0.0,0.0,-0.2,0.0,0.0,-0.1989675347273536,0.0,0.0,0.0,square,2,0.2,0.25,27,54,19.459997177124023,0.0
1779528348.6754148,0.0,0.0,-0.1989675347273536,0.0,0.0,0.0,0.0,1.0692,0.1584,0.0,0.0,-0.2,0.0,0.0,-0.1989675347273536,0.0,0.0,0.0,square,2,0.2,0.25,27,54,19.470020294189453,0.0
1779528348.6854103,0.0,0.0,-0.1989675347273536,0.0,0.0,0.0,-0.0396,1.1880000000000002,0.1584,0.0,0.0,-0.2,0.0,0.0,-0.1989675347273536,0.0,0.0,0.0,square,2,0.2,0.25,27,54,19.479973316192627,0.0
1779528348.6954172,0.0,0.0,-0.1989675347273536,0.0,0.0,0.0,0.0396,1.0296,0.1188,0.0,0.0,-0.2,0.0,0.0,-0.1989675347273536,0.0,0.0,0.0,square,2,0.2,0.25,27,54,19.48996877670288,0.0
1779528348.7054472,0.0,0.0,-0.1989675347273536,0.0,0.0,0.0,-0.0396,1.1483999999999999,0.0396,0.0,0.0,-0.2,0.0,0.0,-0.1989675347273536,0.0,0.0,0.0,square,2,0.2,0.25,27,54,19.49997568130493,0.0
1779528348.7154164,0.0,0.0,-0.1989675347273536,0.0,0.0,0.0,-0.0396,1.0692,0.198,0.0,0.0,-0.2,0.0,0.0,-0.1989675347273536,-0.0020777729190408684,0.0,-0.0020777729190408684,square,2,0.2,0.25,27,54,19.510005712509155,0.0
1779528348.7254145,0.0,0.0,-0.1989675347273536,-0.0020777729190408684,0.0,-0.0020777729190408684,-0.0396,1.2276,0.0396,0.0,0.0,-0.2,0.0,0.0,-0.1989675347273536,0.0,0.0,0.0,square,2,0.2,0.25,27,54,19.519974946975708,0.0
1779528348.7354138,0.0,0.0,-0.1989675347273536,0.0,0.0,0.0,0.0,1.0296,0.1584,0.0,0.0,-0.2,0.0,0.0,-0.1989675347273536,0.0,0.0,0.0,square,2,0.2,0.25,27,54,19.529973030090332,0.0
1779528348.7454143,0.0,0.0,-0.1989675347273536,0.0,0.0,0.0,0.0,1.1088000000000002,0.0,0.0,0.0,-0.2,0.0,0.0,-0.1989675347273536,0.0,0.0,0.0,square,2,0.2,0.25,27,54,19.53997230529785,0.0
1779528348.7554157,0.0,0.0,-0.1989675347273536,0.0,0.0,0.0,-0.0396,1.0296,0.1188,0.0,0.0,-0.2,0.0,0.0,-0.1989675347273536,0.0,0.0,0.0,square,2,0.2,0.25,27,54,19.549972772598267,0.0
1779528348.7654142,0.0,0.0,-0.1989675347273536,0.0,0.0,0.0,0.0,1.1880000000000002,0.2376,0.0,0.0,-0.2,0.0,0.0,-0.1989675347273536,0.0,0.0,0.0,square,2,0.2,0.25,27,54,19.559974193572998,0.0
1779528348.7754145,0.0,0.0,-0.1989675347273536,0.0,0.0,0.0,-0.0396,1.2276,0.1584,0.0,0.0,-0.2,0.0,0.0,-0.1989675347273536,0.0,0.0,0.0,square,2,0.2,0.25,27,54,19.56997275352478,0.0
1779528348.7854545,0.0,0.0,-0.1989675347273536,0.0,0.0,0.0,0.0,0.9504,0.198,0.0,0.0,-0.2,0.0,0.0,-0.1989675347273536,0.0,-0.0020777729190408684,0.0,square,2,0.2,0.25,27,54,19.579972982406616,0.0
1779528348.7958596,0.0,0.0,-0.1989675347273536,0.0,-0.0020777729190408684,0.0,-0.0396,1.0692,0.198,0.0,0.0,-0.2,0.0,0.0,-0.1989675347273536,0.0020777729190408684,0.0,0.0,square,2,0.2,0.25,27,54,19.590013027191162,0.0
1779528348.8054147,0.0,0.0,-0.1989675347273536,0.0020777729190408684,0.0,0.0,0.0,1.1088000000000002,0.1584,0.0,0.0,-0.2,0.0,0.0,-0.1989675347273536,-0.0020777729190408684,-0.0020777729190408684,0.0,square,2,0.2,0.25,27,54,19.600418090820312,0.0
1779528348.815418,0.0,0.0,-0.1989675347273536,-0.0020777729190408684,-0.0020777729190408684,0.0,0.0,1.1088000000000002,0.2376,0.0,0.0,-0.2,0.0,0.0,-0.1989675347273536,0.0,0.0,0.0,square,2,0.2,0.25,27,54,19.609973192214966,0.0
1779528348.825411,0.0,0.0,-0.1989675347273536,0.0,0.0,0.0,0.0396,0.99,0.1584,0.0,0.0,-0.2,0.0,0.0,-0.1989675347273536,0.0020777729190408684,0.0,0.0,square,2,0.2,0.25,27,54,19.61997652053833,0.0
1779528348.835425,0.0,0.0,-0.1989675347273536,0.0020777729190408684,0.0,0.0,-0.0396,1.1483999999999999,0.2376,0.0,0.0,-0.2,0.0,0.0,-0.1989675347273536,0.0,0.0,0.0,square,2,0.2,0.25,27,54,19.629969596862793,0.0
1779528348.8454168,0.0,0.0,-0.1989675347273536,0.0,0.0,0.0,0.0,1.0296,0.198,0.0,0.0,-0.2,0.0,0.0,-0.1989675347273536,0.0,0.0,0.0,square,2,0.2,0.25,27,54,19.639983415603638,0.0
1779528348.8554106,0.0,0.0,-0.1989675347273536,0.0,0.0,0.0,0.0,1.1088000000000002,0.1188,0.0,0.0,-0.2,0.0,0.0,-0.1989675347273536,0.0,0.0,0.0,square,2,0.2,0.25,27,54,19.649975299835205,0.0
1779528348.865419,0.0,0.0,-0.1989675347273536,0.0,0.0,0.0,-0.0396,1.1483999999999999,0.198,0.0,0.0,-0.2,0.0,0.0,-0.1989675347273536,0.0,0.0,-0.0020777729190408684,square,2,0.2,0.25,27,54,19.659969091415405,0.0
1779528348.875408,0.0,0.0,-0.1989675347273536,0.0,0.0,-0.0020777729190408684,-0.0396,1.1483999999999999,0.0792,0.0,0.0,-0.2,0.0,0.0,-0.1989675347273536,0.0,0.0,0.0,square,2,0.2,0.25,27,54,19.66997742652893,0.0
1779528348.8854108,0.0,0.0,-0.1989675347273536,0.0,0.0,0.0,0.0,1.0692,0.198,0.0,0.0,-0.2,0.0,0.0,-0.1989675347273536,0.0,0.0,0.0,square,2,0.2,0.25,27,54,19.67996644973755,0.0
1779528348.8954144,0.0,0.0,-0.1989675347273536,0.0,0.0,0.0,0.0,1.1088000000000002,0.198,0.0,0.0,-0.2,0.0,0.0,-0.1989675347273536,0.0020777729190408684,0.0,0.0,square,2,0.2,0.25,27,54,19.689969301223755,0.0
1779528348.9054337,0.0,0.0,-0.1989675347273536,0.0020777729190408684,0.0,0.0,-0.0396,1.1483999999999999,0.27720000000000006,0.0,0.0,-0.2,0.0,0.0,-0.1989675347273536,0.0,-0.0020777729190408684,0.0,square,2,0.2,0.25,27,54,19.6999728679657,0.0
1779528348.915436,0.0,0.0,-0.1989675347273536,0.0,-0.0020777729190408684,0.0,0.0,1.1483999999999999,0.0396,0.0,0.0,-0.2,0.0,0.0,-0.1989675347273536,0.0,0.0,0.0,square,2,0.2,0.25,27,54,19.709992170333862,0.0
1779528348.9254143,0.0,0.0,-0.1989675347273536,0.0,0.0,0.0,0.0,1.0692,0.1584,0.0,0.0,-0.2,0.0,0.0,-0.1989675347273536,0.0,0.0,0.0,square,2,0.2,0.25,27,54,19.71999454498291,0.0
1779528348.9354181,0.0,0.0,-0.1989675347273536,0.0,0.0,0.0,0.0,1.1483999999999999,0.1188,0.0,0.0,-0.2,0.0,0.0,-0.1989675347273536,0.0,0.0,0.0,square,2,0.2,0.25,27,54,19.72997283935547,0.0
1779528348.9454095,0.0,0.0,-0.1989675347273536,0.0,0.0,0.0,0.0,1.1880000000000002,0.198,0.0,0.0,-0.2,0.0,0.0,-0.1989675347273536,0.0,0.0,0.0,square,2,0.2,0.25,27,54,19.73997664451599,0.0
1779528348.9554152,0.0,0.0,-0.1989675347273536,0.0,0.0,0.0,0.0,1.0296,0.1188,0.0,0.0,-0.2,0.0,0.0,-0.1989675347273536,-0.0020777729190408684,0.0,0.0,square,2,0.2,0.25,27,54,19.7499680519104,0.0
1779528348.965417,0.0,0.0,-0.1989675347273536,-0.0020777729190408684,0.0,0.0,0.0,1.1880000000000002,0.1188,0.0,0.0,-0.2,0.0,0.0,-0.1989675347273536,0.0,0.0020777729190408684,0.0,square,2,0.2,0.25,27,54,19.759973764419556,0.0
1779528348.9754176,0.0,0.0,-0.1989675347273536,0.0,0.0020777729190408684,0.0,-0.0396,1.1088000000000002,0.27720000000000006,0.0,0.0,-0.2,0.0,0.0,-0.1989675347273536,0.0,0.0,0.0,square,2,0.2,0.25,27,54,19.769975423812866,0.0
1779528348.9854143,0.0,0.0,-0.1989675347273536,0.0,0.0,0.0,-0.0396,1.0296,0.198,0.0,0.0,-0.2,0.0,0.0,-0.1989675347273536,0.0020777729190408684,0.0,0.0,square,2,0.2,0.25,27,54,19.77997612953186,0.0
1779528348.9954093,0.0,0.0,-0.1989675347273536,0.0020777729190408684,0.0,0.0,0.0,1.0692,0.2376,0.0,0.0,-0.2,0.0,0.0,-0.1989675347273536,0.0,0.0,0.0,square,2,0.2,0.25,27,54,19.78997278213501,0.0
1779528349.0054145,0.0,0.0,-0.1989675347273536,0.0,0.0,0.0,0.0,1.1880000000000002,0.0792,0.0,0.0,-0.2,0.0,0.0,-0.1989675347273536,0.0,0.0,0.0,square,2,0.2,0.25,27,54,19.799967765808105,0.0
1779528349.0154145,0.0,0.0,-0.1989675347273536,0.0,0.0,0.0,0.0,1.1483999999999999,0.0792,0.0,0.0,-0.2,0.0,0.0,-0.1989675347273536,0.0,0.0,0.0,square,2,0.2,0.25,27,54,19.809973001480103,0.0
1779528349.0254111,0.0,0.0,-0.1989675347273536,0.0,0.0,0.0,0.0,1.2276,0.1584,0.0,0.0,-0.2,0.0,0.0,-0.1989675347273536,0.0,0.0,0.0,square,2,0.2,0.25,27,54,19.81997299194336,0.0
1779528349.035415,0.0,0.0,-0.1989675347273536,0.0,0.0,0.0,0.0,1.1088000000000002,0.2376,0.0,0.0,-0.2,0.0,0.0,-0.1989675347273536,0.0,0.0,0.0,square,2,0.2,0.25,27,54,19.82996964454651,0.0
1779528349.045409,0.0,0.0,-0.1989675347273536,0.0,0.0,0.0,-0.0396,1.1483999999999999,0.0792,0.0,0.0,-0.2,0.0,0.0,-0.1989675347273536,0.0,0.0,0.0,square,2,0.2,0.25,27,54,19.83997344970703,0.0
1779528349.055411,0.0,0.0,-0.1989675347273536,0.0,0.0,0.0,0.0,1.1483999999999999,0.1188,0.0,0.0,-0.2,0.0,0.0,-0.1989675347273536,0.0,0.0,0.0,square,2,0.2,0.25,27,54,19.84996747970581,0.0
1779528349.0654173,0.0,0.0,-0.1989675347273536,0.0,0.0,0.0,-0.0396,1.0692,0.1188,0.0,0.0,-0.2,0.0,0.0,-0.1989675347273536,0.0,0.0,0.0,square,2,0.2,0.25,27,54,19.85996961593628,0.0
1779528349.0754147,0.0,0.0,-0.1989675347273536,0.0,0.0,0.0,-0.0396,1.1088000000000002,0.0792,0.0,0.0,-0.2,0.0,0.0,-0.1989675347273536,0.0,0.0,0.0,square,2,0.2,0.25,27,54,19.869975805282593,0.0
1779528349.085428,0.0,0.0,-0.1989675347273536,0.0,0.0,0.0,0.0,1.0296,0.198,0.0,0.0,-0.2,0.0,0.0,-0.1989675347273536,0.0,-0.0020777729190408684,0.0,square,2,0.2,0.25,27,54,19.87997317314148,0.0
1779528349.095414,0.0,0.0,-0.1989675347273536,0.0,-0.0020777729190408684,0.0,-0.0396,1.1483999999999999,0.2376,0.0,0.0,-0.2,0.0,0.0,-0.1989675347273536,0.0,0.0,0.0,square,2,0.2,0.25,27,54,19.889986515045166,0.0
1779528349.1054146,0.0,0.0,-0.1989675347273536,0.0,0.0,0.0,-0.0396,0.99,0.198,0.0,0.0,-0.2,0.0,0.0,-0.1989675347273536,-0.0020777729190408684,0.0,0.0,square,2,0.2,0.25,27,54,19.899972438812256,0.0
1779528349.1154706,0.0,0.0,-0.1989675347273536,-0.0020777729190408684,0.0,0.0,0.0,1.0296,0.198,0.0,0.0,-0.2,0.0,0.0,-0.1989675347273536,0.0,0.0,0.0020777729190408684,square,2,0.2,0.25,27,54,19.90997314453125,0.0
1779528349.1254127,0.0,0.0,-0.1989675347273536,0.0,0.0,0.0020777729190408684,-0.0396,1.0692,0.198,0.0,0.0,-0.2,0.0,0.0,-0.1989675347273536,0.0020777729190408684,0.0,0.0,square,2,0.2,0.25,27,54,19.920029163360596,0.0
1779528349.1354196,0.0,0.0,-0.1989675347273536,0.0020777729190408684,0.0,0.0,0.0,1.0692,0.198,0.0,0.0,-0.2,0.0,0.0,-0.1989675347273536,0.0,0.0,0.0,square,2,0.2,0.25,27,54,19.92997121810913,0.0
1779528349.1454086,0.0,0.0,-0.1989675347273536,0.0,0.0,0.0,-0.0396,1.1088000000000002,0.1584,0.0,0.0,-0.2,0.0,0.0,-0.1989675347273536,0.0,0.0,0.0,square,2,0.2,0.25,27,54,19.93997812271118,0.0
1779528349.1554122,0.0,0.0,-0.1989675347273536,0.0,0.0,0.0,0.0,1.1880000000000002,0.1188,0.0,0.0,-0.2,0.0,0.0,-0.1989675347273536,0.0,0.0,0.0,square,2,0.2,0.25,27,54,19.9499671459198,0.0
1779528349.1655393,0.0,0.0,-0.1989675347273536,0.0,0.0,0.0,-0.0396,1.0296,0.2376,0.0,0.0,-0.2,0.0,0.0,-0.1989675347273536,0.0,0.0,0.0,square,2,0.2,0.25,27,54,19.959970712661743,0.0
1779528349.1754143,0.0,0.0,-0.1989675347273536,0.0,0.0,0.0,0.0,1.0692,0.198,0.0,0.0,-0.2,0.0,0.0,-0.1989675347273536,0.0,-0.0020777729190408684,0.0,square,2,0.2,0.25,27,54,19.97009778022766,0.0
1779528349.1854577,0.0,0.0,-0.1989675347273536,0.0,-0.0020777729190408684,0.0,0.0,1.1880000000000002,0.198,0.0,0.0,-0.2,0.0,0.0,-0.1989675347273536,0.0,0.0,0.0,square,2,0.2,0.25,27,54,19.97997283935547,0.0
1779528349.1954162,0.0,0.0,-0.1989675347273536,0.0,0.0,0.0,-0.0396,1.0692,0.1584,0.0,0.0,-0.2,0.0,0.0,-0.1989675347273536,0.0,0.0,0.0,square,2,0.2,0.25,27,54,19.990016222000122,0.0
1779528349.2054138,0.0,0.0,-0.1989675347273536,0.0,0.0,0.0,0.0,1.1483999999999999,0.1584,0.0,0.0,-0.2,0.0,0.0,-0.1989675347273536,0.0,0.0,0.0,square,2,0.2,0.25,27,54,19.999974727630615,0.0
